0 FILE robot.ldr
0 !LEOCAD MODEL AUTHOR goeroeg
0 !LEOCAD MODEL BACKGROUND GRADIENT 0.176471 0.486275 0.701961 1 1 1
1 1 0 0 0 1 0 0 0 1 0 0 0 1 baseplate.ldr
0 STEP
1 1 0 -24 10 1 0 0 0 1 0 0 0 1 base.ldr
0 STEP
1 7 30 -85.9019 -57.8109 0 0 1 0.5 0.866025 0 -0.866025 0.5 0 balancer.ldr
1 7 40 -126.0981 -0.1891 -1 0 0 0 0.866025 0.5 0 0.5 -0.866025 3673.dat
1 8 30 -85.3134 -70.0263 -1 0 0 0 0.5 -0.866025 0 -0.866025 -0.5 15100.dat
1 0 20 -86 50 1 0 0 0 1 0 0 0 1 4459.dat
0 STEP
1 1 40 -72 50 0 0 -1 0 1 0 1 0 0 arm23.ldr
0 STEP
1 1 20 -262 50 1 0 0 0 1 0 0 0 1 43093.dat
0 STEP
0 !LEOCAD PIECE PIVOT  70 -8 10 1 0 0 0 1 0 0 0 1
1 8 0 -241 110 0 0 1 0 1 0 -1 0 0 arm34.ldr
0 STEP
1 0 0 -255 180 0 0 1 0 -1 0 1 0 0 18651.dat
0 STEP
1 8 0 -247 179 0 0 -1 0 1 0 1 0 0 arm45.ldr
0 STEP
1 0 -10 -255 224 -1 0 0 0 1 0 0 0 -1 4459.dat
0 STEP
1 8 -28 -256 254 0 -1 0 -1 0 0 0 0 -1 hand.ldr
0 STEP
1 7 2 -256 274 0 -1 0 0 0 -1 1 0 0 3749.dat
0 STEP
1 0 2 -256 282 -1 0 0 0 0 -1 0 -1 0 4032a.dat
1 7 2 -256 292 -1 0 0 0 1 0 0 0 -1 3713.dat
0 STEP
1 0 2 -256 325 -1 0 0 0 0 -1 0 -1 0 48729b.dat
0 NOFILE
0 FILE baseplate.ldr
0 !LEOCAD MODEL AUTHOR goeroeg
0 !LEOCAD MODEL BACKGROUND GRADIENT 0.176471 0.486275 0.701961 1 1 1
1 0 0 -24 0 1 0 0 0 1 0 0 0 1 3031.dat
1 8 0 -16 0 1 0 0 0 1 0 0 0 1 3958.dat
1 8 0 -8 0 1 0 0 0 1 0 0 0 1 89523.dat
0 NOFILE
0 FILE base.ldr
0 !LEOCAD MODEL AUTHOR goeroeg
0 !LEOCAD MODEL BACKGROUND GRADIENT 0.176471 0.486275 0.701961 1 1 1
1 8 0 -16 -10 1 0 0 0 1 0 0 0 1 60474.dat
1 0 0 -8 -10 1 0 0 0 1 0 0 0 1 61485.dat
1 8 0 -40 -40 1 0 0 0 1 0 0 0 1 3747b.dat
1 8 0 -40 20 -1 0 0 0 1 0 0 0 -1 3660.dat
1 8 -10 -40 -10 0 0 1 0 1 0 -1 0 0 3039.dat
1 8 30 -16 -10 0 0 -1 0 1 0 1 0 0 85984.dat
1 7 10 -40 -10 0 0 1 0 1 0 -1 0 0 2877.dat
1 8 0 -48 -30 0 0 1 0 1 0 -1 0 0 3795.dat
1 8 0 -48 40 -1 0 0 0 1 0 0 0 -1 32028.dat
1 8 0 -56 -40 -1 0 0 0 1 0 0 0 -1 3023.dat
1 8 0 -72 20 -1 0 0 0 1 0 0 0 -1 3023.dat
1 8 0 -56 -10 0 0 1 0 1 0 -1 0 0 3022.dat
1 8 -10 -56 30 0 0 -1 0 1 0 1 0 0 11458.dat
1 8 10 -56 30 0 0 -1 0 1 0 1 0 0 11458.dat
1 8 10 -56 -70 0 0 1 0 1 0 -1 0 0 11458.dat
1 8 0 -64 0 0 0 1 0 1 0 -1 0 0 3021.dat
1 8 10 -64 -40 -1 0 0 0 1 0 0 0 -1 3024.dat
1 25 -10 -72 -60 1 0 0 0 1 0 0 0 1 50950.dat
1 25 10 -56 -50 1 0 0 0 1 0 0 0 1 11477.dat
1 25 0 -72 30 1 0 0 0 1 0 0 0 1 15068.dat
1 25 0 -72 54 1 0 0 0 0 1 0 -1 0 15068.dat
1 8 0 -80 40 -1 0 0 0 1 0 0 0 -1 99780.dat
1 8 0 -62 62 1 0 0 0 0 1 0 -1 0 3023.dat
1 7 0 -88 -10 0 0 1 0 1 0 -1 0 0 98100.dat
1 0 0 -96 -10 0 0 1 0 1 0 -1 0 0 51809.dat
1 1 -20 -62 40 -1 0 0 0 1 0 0 0 -1 43093.dat
1 7 -44 -62 40 0 1 0 1 0 0 0 0 -1 92947.dat
1 8 -52 -62 40 0 1 0 1 0 0 0 0 -1 15535.dat
0 NOFILE
0 FILE arm23.ldr
0 !LEOCAD MODEL AUTHOR goeroeg
0 !LEOCAD MODEL BACKGROUND GRADIENT 0.176471 0.486275 0.701961 1 1 1
1 8 0 -16 -10 1 0 0 0 1 0 0 0 1 32028.dat
1 8 0 -24 0 0 0 -1 0 1 0 1 0 0 2444.dat
1 7 10 -48 0 0 0 -1 0 1 0 1 0 0 3660.dat
1 7 -10 -48 0 0 0 1 0 1 0 -1 0 0 3660.dat
1 8 0 -56 0 1 0 0 0 1 0 0 0 1 3020.dat
1 25 30 -56 -10 0 0 -1 0 1 0 1 0 0 54200.dat
1 8 0 -64 -10 1 0 0 0 1 0 0 0 1 99780.dat
1 7 -40 -64 -10 -1 0 0 0 1 0 0 0 -1 18677.dat
1 8 -20 -72 -10 -1 0 0 0 1 0 0 0 -1 3710.dat
1 8 0 -66 -32 1 0 0 0 0 -1 0 1 0 2412b.dat
1 8 -40 -72 -10 0 0 1 0 1 0 -1 0 0 61409.dat
1 8 0 -192 -10 -1 0 0 0 1 0 0 0 -1 2454.dat
1 8 10 -128 10 0 0 -1 0 1 0 1 0 0 4460b.dat
1 8 -10 -128 10 0 0 1 0 1 0 -1 0 0 4460b.dat
1 8 0 -152 10 -1 0 0 0 1 0 0 0 -1 2877.dat
1 8 0 -176 10 -1 0 0 0 1 0 0 0 -1 2877.dat
1 8 0 -200 10 -1 0 0 0 1 0 0 0 -1 32064a.dat
1 25 0 -192 0 1 0 0 0 1 0 0 0 1 15068.dat
0 NOFILE
0 FILE arm34.ldr
0 !LEOCAD MODEL AUTHOR goeroeg
0 !LEOCAD MODEL BACKGROUND GRADIENT 0.176471 0.486275 0.701961 1 1 1
1 8 0 -24 0 1 0 0 0 1 0 0 0 1 3001.dat
1 8 60 -32 -10 1 0 0 0 1 0 0 0 1 32064a.dat
1 7 60 -32 10 1 0 0 0 1 0 0 0 1 3700.dat
1 7 -50 -24 0 0 0 1 0 1 0 -1 0 0 3700.dat
1 8 60 -8 0 1 0 0 0 1 0 0 0 1 3022.dat
1 8 -30 0 0 1 0 0 0 1 0 0 0 1 3021.dat
1 8 30 0 0 1 0 0 0 1 0 0 0 1 3021.dat
1 8 50 8 0 1 0 0 0 1 0 0 0 1 3021.dat
1 8 -40 -32 0 0 0 1 0 1 0 -1 0 0 3068b.dat
1 8 -10 -32 0 0 0 1 0 1 0 -1 0 0 15561.dat
1 8 70 -40 0 0 0 -1 0 1 0 1 0 0 99781.dat
1 8 70 0 0 0 0 -1 0 1 0 1 0 0 99780.dat
1 8 92 -30 0 0 -1 0 0 0 -1 1 0 0 3794b.dat
1 8 92 -2 0 0 -1 0 0 0 -1 1 0 0 3794b.dat
1 0 116 -30 0 0 -1 0 0 0 -1 1 0 0 30068.dat
1 0 116 -2 0 0 -1 0 0 0 -1 1 0 0 30068.dat
1 7 124 -30 0 0 -1 0 0 0 -1 1 0 0 51809.dat
1 7 124 -2 0 0 -1 0 0 0 -1 1 0 0 51809.dat
1 8 40 -48 0 0 0 1 0 1 0 -1 0 0 93606.dat
1 4 60 -22 -20 0 0 1 0 1 0 -1 0 0 32062.dat
1 7 60 -22 -44 0 0 1 1 0 0 0 1 0 92947.dat
1 8 60 -22 -52 0 0 1 1 0 0 0 1 0 15535.dat
0 NOFILE
0 FILE hand.ldr
0 !LEOCAD MODEL AUTHOR goeroeg
0 !LEOCAD MODEL BACKGROUND GRADIENT 0.176471 0.486275 0.701961 1 1 1
1 8 0 -8 0 -1 0 0 0 1 0 0 0 -1 3176.dat
1 8 0 -16 0 -1 0 0 0 1 0 0 0 -1 3176.dat
1 8 0 -24 10 -1 0 0 0 1 0 0 0 -1 3023.dat
1 7 0 -32 10 -1 0 0 0 1 0 0 0 -1 3023.dat
1 7 0 -40 -10 -1 0 0 0 1 0 0 0 -1 3700.dat
1 25 0 -32 0 -1 0 0 0 1 0 0 0 -1 15068.dat
1 8 0 0 0 -1 0 0 0 1 0 0 0 -1 2654.dat
0 NOFILE
0 FILE balancer.ldr
0 !LEOCAD MODEL AUTHOR goeroeg
0 !LEOCAD MODEL BACKGROUND GRADIENT 0.176471 0.486275 0.701961 1 1 1
1 7 10 -6 0 1 0 0 0 1 0 0 0 1 44294.dat
1 7 75 -6 0 0 0 -1 0 1 0 1 0 0 32123b.dat
1 8 -70 -6 0 0 0 -1 0 1 0 1 0 0 32013.dat
0 NOFILE
0 FILE arm45.ldr
0 !LEOCAD MODEL AUTHOR goeroeg
0 !LEOCAD MODEL BACKGROUND GRADIENT 0.176471 0.486275 0.701961 1 1 1
1 7 15 -8 0 0 -1 0 1 0 0 0 0 1 3941.dat
1 8 45 -8 0 0 0 1 0 1 0 -1 0 0 32013.dat
0 NOFILE
0 FILE robot2.ldr
0 !LEOCAD MODEL AUTHOR goeroeg
0 !LEOCAD MODEL BACKGROUND GRADIENT 0.176471 0.486275 0.701961 1 1 1
1 1 0 0 0 1 0 0 0 1 0 0 0 1 baseplate.ldr
1 1 0 -24 10 1 0 0 0 1 0 0 0 1 base.ldr
1 1 40 -73.8756 57 0 0 -1 -0.5 0.866025 0 0.866025 0.5 0 arm23.ldr
1 7 30 -77.8872 -81.1283 0 0 1 0.156435 0.987688 0 -0.987688 0.156435 0 balancer.ldr
1 7 40 -94.7637 -12.9283 -1 0 0 0 0.987688 0.156435 0 0.156435 -0.987688 3673.dat
1 8 30 -85.3134 -70.0263 -1 0 0 0 0.156435 -0.987688 0 -0.987688 -0.156435 15100.dat
0 !LEOCAD PIECE PIVOT  70 -8 10 1 0 0 0 1 0 0 0 1
1 8 0 -234.3292 25.437 0 0 1 0.26892 0.963163 0 -0.963163 0.26892 0 arm34.ldr
1 1 20 -238.4205 -38 1 0 0 0 0.963163 -0.26892 0 0.26892 0.963163 43093.dat
1 0 20 -86 50 1 0 0 0 0.866025 -0.5 0 0.5 0.866025 4459.dat
1 8 -0 -258.6637 90.2818 0 -0.587785 -0.809017 -0.26892 0.779215 -0.566132 0.963163 0.217561 -0.158067 arm45.ldr
1 0 4.7022 -265.1662 89.5044 0 0.587785 0.809017 -0.26892 -0.779215 0.566132 0.963163 -0.217561 0.158067 18651.dat
1 0 -3.388 -282.6602 130.3029 -0.809017 0.036907 0.586625 -0.566133 0.219462 -0.794563 -0.158067 -0.974923 -0.156654 4459.dat
1 8 -35.5862 -269.2328 133.1323 -0.036907 -0.809017 0.586625 -0.219462 -0.566133 -0.794563 0.974923 -0.158067 -0.156654 hand.ldr
1 7 -23.0481 -236.3575 141.0076 -0.586625 -0.809017 -0.036907 0.794563 -0.566133 -0.219462 0.156654 -0.158067 0.974923 3749.dat
1 0 -27.7412 -230.0009 142.2608 0.013964 0.586625 0.809739 -0.183482 -0.794563 0.578795 0.982924 -0.156654 0.096539 4032a.dat
1 7 -33.6075 -222.0553 143.8274 0.013964 -0.809738 0.586625 -0.183482 -0.578796 -0.794563 0.982924 -0.096539 -0.156654 3713.dat
1 0 -52.9665 -195.8341 148.9971 0.013964 0.586625 0.809739 -0.183482 -0.794563 0.578795 0.982924 -0.156654 0.096539 48729b.dat
0 NOFILE
