1 0 140 -70.0001 -100 0 0 -1 0 1 0 1 0 0 2780.dat
1 0 140 -69.9999 60 0 0 -1 0 1 0 1 0 0 2780.dat
1 0 0 -79.9999 -90 1 0 0 0 1 0 0 0 1 3703.dat
1 0 0 -79.9998 50 1 0 0 0 1 0 0 0 1 3703.dat
1 0 20 -70 -80 0 0 1 0 1 0 -1 0 0 2780.dat
1 0 40 -70 -100 0 0 -1 0 1 0 1 0 0 2780.dat
1 0 20 -69.9999 40 0 0 1 0 1 0 -1 0 0 2780.dat
1 0 40 -69.9999 60 0 0 -1 0 1 0 1 0 0 2780.dat
1 0 -20 -70 -80 0 0 1 0 1 0 -1 0 0 2780.dat
1 0 -20 -69.9999 40 0 0 1 0 1 0 -1 0 0 2780.dat
1 0 -40 -70 -100 0 0 -1 0 1 0 1 0 0 2780.dat
1 0 -40 -69.9999 60 0 0 -1 0 1 0 1 0 0 2780.dat
1 0 -140 -70 -100 0 0 -1 0 1 0 1 0 0 2780.dat
1 0 -140 -69.9999 60 0 0 -1 0 1 0 1 0 0 2780.dat
0 STEP
1 4 140 -80 -110 1 0 0 0 1 0 0 0 1 3894.dat
1 14 80 -88 -110 1 0 0 0 1 0 0 0 1 3666.dat
1 4 0 -80 -110 1 0 0 0 1 0 0 0 1 3702.dat
1 4 -140 -80 -110 1 0 0 0 1 0 0 0 1 3894.dat
1 4 140 -79.9999 70 1 0 0 0 1 0 0 0 1 3894.dat
1 14 80 -87.9999 70 1 0 0 0 1 0 0 0 1 3666.dat
1 4 0 -79.9999 70 1 0 0 0 1 0 0 0 1 3702.dat
1 4 -140 -79.9999 70 1 0 0 0 1 0 0 0 1 3894.dat
0 STEP
1 0 60 -46 -100 0 0 -1 0 1 0 1 0 0 2780.dat
1 0 60 -45.9999 60 0 0 -1 0 1 0 1 0 0 2780.dat
1 0 0 -56 -90 1 0 0 0 1 0 0 0 1 3702.dat
1 0 0 -56 50 1 0 0 0 1 0 0 0 1 3702.dat
1 0 -60 -46 -100 0 0 -1 0 1 0 1 0 0 2780.dat
1 0 -60 -45.9999 60 0 0 -1 0 1 0 1 0 0 2780.dat
0 STEP
1 14 80 -56 -110 1 0 0 0 1 0 0 0 1 3701.dat
1 14 -80 -56 -110 1 0 0 0 1 0 0 0 1 3701.dat
1 14 80 -56 70 1 0 0 0 1 0 0 0 1 3701.dat
1 14 -80 -56 70 1 0 0 0 1 0 0 0 1 3701.dat
0 STEP
0 !LEOCAD GROUP BEGIN turntable
1 7 0 -120 -20 1 0 0 0 1 0 0 0 1 2856.dat
1 7 0 -120 -20 0 0 1 0 1 0 -1 0 0 2855.dat
0 STEP
0 !LEOCAD GROUP END
1 0 80.1332 -83.9999 -19.5181 0 0 1 1 0 0 0 1 0 3705.dat
1 71 80.6332 -77.5 -20.0181 0 1 0 0 0 -1 -1 0 0 3650c.dat
1 71 80.1332 -108.9999 -19.5181 -1 0.000004 0 0 0 1 0.000004 1 0 3647.dat
1 0 60 -63.9999 -20 1 0 0 0 1 0 0 0 1 3709B.dat
1 0 30 -87.9999 -20 0 0 1 0 1 0 -1 0 0 3700.dat
1 0 60 -95.9999 -20 1 0 0 0 1 0 0 0 1 3709B.dat
1 7 79.6332 -50.9999 -20.0181 0 -1 0 0 0 1 -1 0 0 4265a.dat
0 STEP
1 71 120 -70 -50 -1 0 0 0 1 0 0 0 -1 3713.dat
1 0 120 -70 -20 0 0 1 0 1 0 -1 0 0 3737.dat
1 71 120 -71 -70 -1 0 0 0 -1 0 0 0 1 3713.dat
1 0 120.5 -70.4999 -20 0 1 0 1 0 0 0 0 -1 4716.dat
1 71 120 -70.9999 10 -1 0 0 0 -1 0 0 0 1 3713.dat
1 71 120 -69.9999 30 -1 0 0 0 1 0 0 0 -1 3647.dat
0 STEP
1 0 -80 -87.9999 -90 1 0 0 0 1 0 0 0 1 3023.dat
1 0 -80 -87.9999 50 1 0 0 0 1 0 0 0 1 3023.dat
1 0 -130 -87.9999 -90 1 0 0 0 1 0 0 0 1 2420.dat
1 0 -130 -87.9998 50 0 0 1 0 1 0 -1 0 0 2420.dat
1 0 -130 -79.9998 -60 0 0 -1 0 1 0 1 0 0 3700.dat
1 0 -130 -79.9998 20 0 0 -1 0 1 0 1 0 0 3700.dat
1 14 -130 -55.9998 -20 0 0 -1 0 1 0 1 0 0 3460.dat
0 STEP
1 0 -160 -79.9998 -30 1 0 0 0 1 0 0 0 1 3702.dat
1 0 -160 -79.9998 -10 1 0 0 0 1 0 0 0 1 3702.dat
1 0 -90 -55.9999 -20 0 0 -1 0 1 0 1 0 0 3023.dat
1 0 -180 -79.9998 -50 1 0 0 0 1 0 0 0 1 3701.dat
1 0 -180 -79.9998 10 1 0 0 0 1 0 0 0 1 3701.dat
1 0 -160 -69.9999 0 0 0 1 0 1 0 -1 0 0 2780.dat
1 0 -100 -69.9999 -20 0 0 1 0 1 0 -1 0 0 2780.dat
1 0 -160 -70.0001 -40 0 0 1 0 1 0 -1 0 0 2780.dat
1 0 -200 -69.9997 -40 0 0 1 0 1 0 -1 0 0 2780.dat
1 0 -200 -69.9998 0 0 0 1 0 1 0 -1 0 0 2780.dat
0 STEP
1 71 -180.5 -70.5 -69.5 0 -1 0 -1 0 0 0 0 -1 3650c.dat
1 0 -180 -70 -100 0 0 -1 0 1 0 1 0 0 3706.dat
1 71 -180 -70 -90 1 0 0 0 1 0 0 0 1 3713.dat
1 71 -180 -70 -130 -1 0 0 0 1 0 0 0 -1 3713.dat
1 0 -180 -70 -150 -1 0 0 0 1 0 0 0 -1 57520.dat
1 71 -179.5 -70.4999 29.5 0 1 0 -1 0 0 0 0 1 3650c.dat
1 0 -180 -69.9999 60 0 0 1 0 1 0 -1 0 0 3706.dat
1 71 -180 -69.9999 50 -1 0 0 0 1 0 0 0 -1 3713.dat
1 71 -180 -69.9999 90 1 0 0 0 1 0 0 0 1 3713.dat
1 0 -180 -69.9999 110 1 0 0 0 1 0 0 0 1 57520.dat
0 STEP
1 0 180 -69.9999 80 0 0 -1 0 1 0 1 0 0 3705.dat
1 71 180 -70.9999 90 -1 0 0 0 -1 0 0 0 1 3713.dat
1 0 180 -69.9999 110 -1 0 0 0 1 0 0 0 -1 57520.dat
1 0 99.75 -46.0669 80 0 0 1 0 1 0 -1 0 0 3705.dat
1 71 99.75 -46.0669 90 1 0 0 0 1 0 0 0 1 3713.dat
1 0 99.75 -46.0669 110 -1 -0.000001 0 -0.000001 1 0 0 0 -1 57520.dat
1 0 0 -69.9999 60 0 0 1 0 1 0 -1 0 0 3706.dat
1 71 0 -70.9999 90 -1 0 0 0 -1 0 0 0 1 3713.dat
1 0 0 -69.9999 110 -1 0 0 0 1 0 0 0 -1 57520.dat
1 0 -100.108 -46.9881 80 0 0 1 0 1 0 -1 0 0 3705.dat
1 71 -100.108 -46.9881 90 0.290086 -0.957001 0 0.957001 0.290086 0 0 0 1 3713.dat
1 0 -100.108 -46.9881 110 -1 0 0 0 1 0 0 0 -1 57520.dat
1 7 180 -69.9999 55 -1 0 0 0 1 0 0 0 -1 4265a.dat
1 7 0 -69.9999 15 -1 0 0 0 1 0 0 0 -1 4265a.dat
1 7 -100.108 -46.9881 55 -1 0 0 0 1 0 0 0 -1 4265a.dat
1 7 99.75 -46.0669 55 -1 -0.000001 0 -0.000001 1 0 0 0 -1 4265a.dat
1 0 180 -70 -120 0 0 1 0 1 0 -1 0 0 3705.dat
1 71 180 -71 -130 1 0 0 0 -1 0 0 0 -1 3713.dat
1 0 99.7267 -46.0813 -120 0 0 1 0 1 0 -1 0 0 3705.dat
1 71 99.7267 -47.0814 -130 1 0 0 0 -1 0 0 0 -1 3713.dat
1 0 99.7267 -46.0813 -150 1 0 0 0 1 0 0 0 1 57520.dat
1 0 0 -70 -100 0 0 1 0 1 0 -1 0 0 3706.dat
1 71 0 -71 -130 1 0 0 0 -1 0 0 0 -1 3713.dat
1 0 0 -70 -150 1 0 0 0 1 0 0 0 1 57520.dat
1 0 -100.3906 -46.1879 -120 0 -0.000001 1 0 1 0.000001 -1 0 0 3705.dat
1 71 -100.3906 -47.1879 -130 1 0.000001 0 0.000001 -1 0 0 0 -1 3713.dat
1 0 -100.3906 -46.1879 -150 1 -0.000001 0 0.000001 1 0 0 0 1 57520.dat
1 0 180 -70 -150 1 0 0 0 1 0 0 0 1 57520.dat
1 7 180 -70 -95 1 0 0 0 1 0 0 0 1 4265a.dat
1 7 99.7267 -46.0813 -95 1 0 0 0 1 0 0 0 1 4265a.dat
1 7 0 -70 -55 1 0 0 0 1 0 0 0 1 4265a.dat
1 7 -100.3906 -46.1879 -95 1 -0.000001 0 0.000001 1 0 0 0 1 4265a.dat
0 STEP
1 14 140 -103.9999 -89 1 0 0 0 1 0 0 0 1 3702.dat
1 14 140 -103.9999 50 1 0 0 0 1 0 0 0 1 3702.dat
1 71 100 -93.9999 40 0 0 1 0 1 0 -1 0 0 3749.dat
1 71 100 -93.9999 30.75 1 0 0 0 1 0 0 0 1 4019.dat
0 STEP
1 14 150 -56 -20 0 0 -1 0 1 0 1 0 0 3460.dat
1 0 210 -72 -20 0 0 -1 0 1 0 1 0 0 3460.dat
1 14 210 -80 50 0 0 1 0 1 0 -1 0 0 3024.dat
1 14 210 -80.0001 -80 0 0 -1 0 1 0 1 0 0 3023.dat
0 STEP
1 14 200 -64.0001 0 1 0 0 0 1 0 0 0 1 3022.dat
1 14 210 -64.0001 30 0 0 -1 0 1 0 1 0 0 2420.dat
1 14 210 -64.0001 -80 0 0 -1 0 1 0 1 0 0 3023.dat
1 14 210 -64.0001 -40 0 0 -1 0 1 0 1 0 0 3023.dat
1 14 150 -64 20 0 0 -1 0 1 0 1 0 0 3023.dat
0 STEP
1 14 180 -56.0001 -20 0 0 -1 0 1 0 1 0 0 3738.dat
1 14 20 -55.9999 -20 0 0 -1 0 1 0 1 0 0 3795.dat
0 STEP
1 14 210 -104.0001 -70 1 0 0 0 1 0 0 0 1 3005.dat
1 14 150 -72 30 0 0 1 0 1 0 -1 0 0 2420.dat
1 0 -100 -96 -20 0 0 -1 0 1 0 1 0 0 5306.dat
1 0 180 -72 -40 -1 0 0 0 1 0 0 0 -1 5306.dat
0 STEP
1 7 180 -128 -10 1 0 0 0 1 0 0 0 1 2838c01.dat
1 7 180 -102.0001 -65 -1 0 0 0 1 0 0 0 -1 4265a.dat
0 STEP
1 0 120 -118 -20 0 0 1 0 1 0 -1 0 0 3707.dat
1 71 120 -118 30 -1 0 0 0 1 0 0 0 -1 3647.dat
1 0 210 -128.0001 -70 1 0 0 0 1 0 0 0 1 3005.dat
1 0 140 -128 -90 1 0 0 0 1 0 0 0 1 3702.dat
1 0 140 -127.9999 50 1 0 0 0 1 0 0 0 1 3702.dat
1 7 120 -118 -75 1 0 0 0 1 0 0 0 1 4265a.dat
1 7 120 -120 -65 1 0 0 0 1 0 0 0 1 4185.dat
0 STEP
1 14 200 -136.0001 -20 0 0 -1 0 1 0 1 0 0 3738.dat
1 14 160 -136 0 0 0 -1 0 1 0 1 0 0 3795.dat
1 0 120 -136 -90 1 0 0 0 1 0 0 0 1 3666.dat
1 0 100 -135.9999 50 1 0 0 0 1 0 0 0 1 3710.dat
0 STEP
1 0 -130 -111.9999 -20 0 0 -1 0 1 0 1 0 0 3702.dat
1 0 -230 -111.9998 -20 0 0 -1 0 1 0 1 0 0 3702.dat
1 0 -90 -111.9999 -80 0 0 -1 0 1 0 1 0 0 3700.dat
1 0 -90 -111.9999 40 0 0 -1 0 1 0 1 0 0 3700.dat
1 0 -172 -101.9999 -80 1 0 0 0 1 0 0 0 1 3707.dat
1 71 -150 -102.4998 -80.5 0 0 -1 1 0 0 0 -1 0 3713.dat
1 0 -180 -102.9998 -80 0 0 1 0 -1 0 1 0 0 4716.dat
1 71 -210 -102.4998 -79.5 0 0 1 1 0 0 0 1 0 3713.dat
1 71 -245 -101.9998 -80 0 0 -1 0 1 0 1 0 0 4185.dat
1 71 -150 -102.4998 39.5 0 0 -1 1 0 0 0 -1 0 3713.dat
1 0 -172 -101.9999 40 1 0 0 0 1 0 0 0 1 3707.dat
1 0 -180 -102.9998 40 0 0 1 0 -1 0 1 0 0 4716.dat
1 71 -210 -102.4998 40.5 0 0 1 1 0 0 0 1 0 3713.dat
1 71 -245 -101.9998 40 0 0 -1 0 1 0 1 0 0 4185.dat
1 7 -115 -101.9998 40 0 0 1 0 1 0 -1 0 0 4265a.dat
1 7 -115 -101.9999 -80 0 0 1 0 1 0 -1 0 0 4265a.dat
1 0 -230 -87.9998 -20 0 0 -1 0 1 0 1 0 0 3460.dat
0 STEP
1 0 -150 -111.9999 -20 0 0 -1 0 1 0 1 0 0 3710.dat
1 0 -150 -103.9999 -20 0 0 1 0 1 0 -1 0 0 3701.dat
1 0 -210.0001 -111.9998 -20 0 0 -1 0 1 0 1 0 0 3710.dat
1 0 -210 -103.9998 -20 0 0 1 0 1 0 -1 0 0 3701.dat
0 STEP
1 0 -130 -119.9999 -80 0 0 -1 0 1 0 1 0 0 3023.dat
1 0 -130 -119.9998 40 0 0 -1 0 1 0 1 0 0 3023.dat
1 0 -140 -119.9999 -20 1 0 0 0 1 0 0 0 1 3022.dat
1 0 -150 -119.9999 -50 1 0 0 0 1 0 0 0 1 3623.dat
1 0 -150 -119.9999 10 1 0 0 0 1 0 0 0 1 3623.dat
1 0 -230 -119.9998 -70 0 0 -1 0 1 0 1 0 0 3623.dat
1 0 -230 -119.9998 -20 0 0 -1 0 1 0 1 0 0 3023.dat
1 0 -230 -119.9998 30 0 0 -1 0 1 0 1 0 0 3623.dat
1 0 -210.0001 -119.9998 -50 1 0 0 0 1 0 0 0 1 2420.dat
1 0 -210.0001 -119.9998 10 0 0 1 0 1 0 -1 0 0 2420.dat
0 STEP
1 0 -180.0001 -127.9998 -20 1 0 0 0 1 0 0 0 1 3795.dat
1 0 -160.0001 -127.9998 -50 1 0 0 0 1 0 0 0 1 3710.dat
1 0 -180.0001 -127.9998 -90 1 0 0 0 1 0 0 0 1 3666.dat
1 0 -160.0001 -127.9998 10 1 0 0 0 1 0 0 0 1 3710.dat
1 0 -180.0001 -127.9998 50 1 0 0 0 1 0 0 0 1 3666.dat
0 STEP
1 0 -150.0001 -135.9999 -30 1 0 0 0 1 0 0 0 1 3623.dat
1 0 -160.0001 -135.9998 -10 1 0 0 0 1 0 0 0 1 3710.dat
1 0 -190.0001 -135.9998 -90 1 0 0 0 1 0 0 0 1 2420.dat
1 0 -140.0001 -135.9999 30 0 0 -1 0 1 0 1 0 0 3021.dat
1 0 -180.0001 -135.9999 30 0 0 -1 0 1 0 1 0 0 3021.dat
1 0 -220.0001 -135.9998 -90 1 0 0 0 1 0 0 0 1 3023.dat
1 0 -220.0001 -135.9998 50 1 0 0 0 1 0 0 0 1 3023.dat
0 STEP
1 0 -90 -135.9999 -20 0 0 -1 0 1 0 1 0 0 3702.dat
1 0 -219 -136 19 0 0 1 0 1 0 -1 0 0 5306.dat
1 0 -220 -136 -60 0 0 -1 0 1 0 1 0 0 5306.dat
1 0 -99 -112 -20 0 0 1 0 1 0 -1 0 0 5306.dat
1 0 -140.0001 -135.9999 -70 0 0 -1 0 1 0 1 0 0 3021.dat
0 STEP
1 7 -189 -192 -60 0 0 1 0 1 0 -1 0 0 2838c01.dat
1 7 -190 -191.9998 20 0 0 1 0 1 0 -1 0 0 2838c01.dat
1 7 -245 -166 20 0 0 -1 0 1 0 1 0 0 4265a.dat
1 7 -245 -166 -60 0 0 -1 0 1 0 1 0 0 4265a.dat
0 STEP
1 0 180 -144.0001 -20 0 0 1 0 1 0 -1 0 0 3795.dat
1 0 120 -144 -100 1 0 0 0 1 0 0 0 1 3738.dat
1 0 120 -143.9999 60 1 0 0 0 1 0 0 0 1 3738.dat
1 0 -100.0001 -143.9999 -100 1 0 0 0 1 0 0 0 1 3709B.dat
1 0 -100.0001 -143.9999 60 1 0 0 0 1 0 0 0 1 3709B.dat
1 0 -110 -143.9999 -21 1 0 0 0 1 0 0 0 1 3021.dat
0 STEP
1 14 80 -152 -120 1 0 0 0 1 0 0 0 1 2445.dat
1 14 80 -151.9999 80 1 0 0 0 1 0 0 0 1 2445.dat
1 0 -20.0001 -143.9999 -110 1 0 0 0 1 0 0 0 1 3710.dat
1 0 -20.0001 -143.9999 70 1 0 0 0 1 0 0 0 1 3710.dat
1 14 -140.0001 -151.9998 -119.9999 1 0 0 0 1 0 0 0 1 3832.dat
1 14 -140.0001 -151.9998 80.0001 1 0 0 0 1 0 0 0 1 3832.dat
1 0 -130.0001 -167.9998 -60 0 0 1 0 1 0 -1 0 0 3701.dat
1 0 -130.0001 -167.9998 20 0 0 1 0 1 0 -1 0 0 3701.dat
0 STEP
1 0 119.9999 -160.0001 -20 0 0 -1 0 1 0 1 0 0 3832.dat
1 14 -180.0001 -175.9998 -109.9999 1 0 0 0 1 0 0 0 1 3894.dat
1 14 -180.0001 -175.9998 70.0001 1 0 0 0 1 0 0 0 1 3894.dat
1 14 -130.0001 -175.9998 -70 0 0 -1 0 1 0 1 0 0 3623.dat
1 14 -130.0001 -175.9999 -20 0 0 -1 0 1 0 1 0 0 3023.dat
1 14 -130.0001 -175.9999 30 0 0 -1 0 1 0 1 0 0 3623.dat
1 0 169.9999 -152.0001 -90 0 0 -1 0 1 0 1 0 0 2420.dat
1 0 170 -152.0001 50 -1 0 0 0 1 0 0 0 -1 2420.dat
0 STEP
1 14 159.9999 -160.0001 -20 0 0 -1 0 1 0 1 0 0 3738.dat
1 14 -130.0001 -183.9998 -110 0 0 -1 0 1 0 1 0 0 2420.dat
1 14 -180.0001 -183.9998 -110 1 0 0 0 1 0 0 0 1 3023.dat
1 14 -130.0001 -183.9998 70 -1 0 0 0 1 0 0 0 -1 2420.dat
1 14 -180.0001 -183.9998 70.0001 1 0 0 0 1 0 0 0 1 3023.dat
1 14 -220.0001 -183.9998 -109.9999 1 0 0 0 1 0 0 0 1 3023.dat
1 14 -220.0001 -183.9998 70.0001 1 0 0 0 1 0 0 0 1 3023.dat
0 STEP
1 0 189.9999 -152.0001 -80 0 0 -1 0 1 0 1 0 0 3023.dat
1 14 149.9999 -168.0001 -20 1 0 0 0 1 0 0 0 1 3021.dat
1 0 129.9999 -184.0001 -90 0 0 -1 0 1 0 1 0 0 4286.dat
1 0 130 -184.0001 50 0 0 -1 0 1 0 1 0 0 4286.dat
1 14 139.9999 -168.0001 -60 1 0 0 0 1 0 0 0 1 3022.dat
1 14 140 -168.0001 20 1 0 0 0 1 0 0 0 1 3022.dat
1 14 -180.0001 -191.9998 -109.9999 1 0 0 0 1 0 0 0 1 3666.dat
1 14 -180.0001 -191.9998 70.0001 1 0 0 0 1 0 0 0 1 3666.dat
1 0 189.9999 -152.0001 40 0 0 -1 0 1 0 1 0 0 3023.dat
0 STEP
1 14 130 -184.0001 70 0 0 -1 0 1 0 1 0 0 4070.dat
1 14 130 -184.0001 -110 0 0 -1 0 1 0 1 0 0 4070.dat
1 14 129.9999 -192.0001 -90 -1 0 0 0 1 0 0 0 -1 2420.dat
1 14 129.9999 -192.0001 50 0 0 -1 0 1 0 1 0 0 2420.dat
1 14 110 -184.0001 -20 0 0 1 0 1 0 -1 0 0 3702.dat
0 STEP
1 14 -190.0001 -199.9998 -100 1 0 0 0 1 0 0 0 1 3021.dat
1 14 -190.0001 -199.9998 60.0001 1 0 0 0 1 0 0 0 1 3021.dat
1 14 -230.0002 -199.9997 -20 0 0 -1 0 1 0 1 0 0 4477.dat
1 14 -20 -160 -110 1 0 0 0 1 0 0 0 1 4477.dat
1 14 -20 -159.9999 70 1 0 0 0 1 0 0 0 1 4477.dat
1 14 -130.0001 -183.9999 -20 0 0 -1 0 1 0 1 0 0 3666.dat
1 14 90 -160 -20 0 0 -1 0 1 0 1 0 0 4477.dat
0 STEP
1 14 210 -144.0001 -20 0 0 1 0 1 0 -1 0 0 4162.dat
1 14 189.9999 -152.0001 -20 0 0 -1 0 1 0 1 0 0 2431.dat
1 14 40 -167.9999 -110 1 0 0 0 1 0 0 0 1 4162.dat
1 14 40 -167.9999 70 1 0 0 0 1 0 0 0 1 4162.dat
1 14 -80 -168 -110 1 0 0 0 1 0 0 0 1 2431.dat
1 14 -80 -167.9999 70 1 0 0 0 1 0 0 0 1 2431.dat
1 71 -210.0002 -199.9998 -20 0 0 -1 0 1 0 1 0 0 3743.dat
1 14 -230.0002 -207.9998 -20 0 0 1 0 1 0 -1 0 0 4162.dat
1 14 90 -168 -20 0 0 -1 0 1 0 1 0 0 4162.dat
1 14 -130.0001 -191.9999 -20 0 0 1 0 1 0 -1 0 0 4162.dat
1 14 -150.0001 -199.9999 -100.0055 0 0 -1 0 1 0 1 0 0 3069b.dat
1 14 -150.0001 -199.9998 59.9945 0 0 -1 0 1 0 1 0 0 3069b.dat
0 STEP
0 !LEOCAD GROUP BEGIN Right tread
1 72 52.7076 -99.8494 -150.7501 0 0 -1 0 1 0 1 0 0 57518.dat
1 72 22.7073 -99.8492 -151.2501 0 0 -1 0 1 0 1 0 0 57518.dat
1 72 -7.2932 -99.8492 -150.7502 0 0 -1 0 1 0 1 0 0 57518.dat
1 72 -37.2936 -99.8493 -150.5002 0 0 -1 0 1 0 1 0 0 57518.dat
1 72 -67.2939 -99.8493 -151.0001 0 0 -1 0 1 0 1 0 0 57518.dat
1 72 -97.2943 -99.8493 -150.5001 0 0 -1 0 1 0 1 0 0 57518.dat
1 72 -127.2947 -99.8493 -151.0001 0 0 -1 0 1 0 1 0 0 57518.dat
1 72 -157.295 -99.8494 -151.5001 0 0 -1 0 1 0 1 0 0 57518.dat
1 72 -187.2955 -99.8493 -151.0001 0 0 -1 0 1 0 1 0 0 57518.dat
1 72 -205.2502 -74.3513 -150.5001 0 0.829038 -0.559192 0 0.559192 0.829038 1 0 0 57518.dat
1 72 -195.0588 -45.0284 -151.0001 0 0.939693 0.34202 0 -0.342021 0.939693 1 0 0 57518.dat
1 72 -166.868 -34.7679 -150.5001 0 0.34202 0.939693 0 -0.939693 0.34202 1 0 0 57518.dat
1 72 -138.6772 -24.5073 -151 0 0.34202 0.939693 0 -0.939693 0.34202 1 0 0 57518.dat
1 72 -110.4862 -14.2467 -151.5 0 0.34202 0.939693 0 -0.939693 0.34202 1 0 0 57518.dat
1 72 -80 -14.1609 -151 0 0 1 0 -1 0 1 0 0 57518.dat
1 72 -50 -14.1609 -150.75 0 0 1 0 -1 0 1 0 0 57518.dat
1 72 -20 -14.1609 -150.25 0 0 1 0 -1 0 1 0 0 57518.dat
1 72 10 -14.1609 -149.75 0 0 1 0 -1 0 1 0 0 57518.dat
1 72 40 -14.1609 -149.5 0 0 1 0 -1 0 1 0 0 57518.dat
1 72 70 -14.1609 -150 0 0 1 0 -1 0 1 0 0 57518.dat
1 72 100 -14.1609 -149.5 0 0 1 0 -1 0 1 0 0 57518.dat
1 72 128.0187 -23.812 -151 0 -0.309017 0.951056 0 -0.951056 -0.309017 1 0 0 57518.dat
1 72 156.5516 -33.0829 -151.5 0 -0.309017 0.951056 0 -0.951056 -0.309017 1 0 0 57518.dat
1 72 185.0838 -42.3535 -151 0 -0.309017 0.951056 0 -0.951056 -0.309017 1 0 0 57518.dat
1 72 210.2184 -59.2693 -150.5 0 -0.559193 0.829037 0 -0.829037 -0.559193 1 0 0 57518.dat
1 72 202.1615 -89.6419 -150.9999 0 -0.956305 -0.292372 0 0.292372 -0.956305 1 0 0 57518.dat
1 72 172.7087 -99.8489 -150.4999 0 -0.309016 -0.951057 0 0.951057 -0.309016 1 0 0 57518.dat
1 72 142.7085 -99.8491 -150.9999 0 0 -1 0 1 0 1 0 0 57518.dat
1 72 112.7082 -99.8493 -151.4999 0 0 -1 0 1 0 1 0 0 57518.dat
1 72 82.7081 -99.8491 -150.9999 0 0 -1 0 1 0 1 0 0 57518.dat
0 !LEOCAD GROUP END
0 !LEOCAD GROUP BEGIN Left tread
1 72 52.7074 -98.4272 108.2499 0 0 -1 0 1 0 1 0 0 57518.dat
1 72 22.707 -98.4274 107.7499 0 0 -1 0 1 0 1 0 0 57518.dat
1 72 -7.2932 -98.4273 108.2499 0 0 -1 0 1 0 1 0 0 57518.dat
1 72 -37.2939 -98.4275 108.4999 0 0 -1 0 1 0 1 0 0 57518.dat
1 72 -67.294 -98.4274 108 0 0 -1 0 1 0 1 0 0 57518.dat
1 72 -97.2945 -98.4275 108.5 0 0 -1 0 1 0 1 0 0 57518.dat
1 72 -127.2948 -98.4274 108.75 0 0 -1 0 1 0 1 0 0 57518.dat
1 72 -157.2952 -98.4274 109 0 0 -1 0 1 0 1 0 0 57518.dat
1 72 -187.2955 -98.4274 109.2499 0 0 -1 0 1 0 1 0 0 57518.dat
1 72 -204.0713 -73.556 109.7499 0 0.829038 -0.559192 0 0.559192 0.829038 1 0 0 57518.dat
1 72 -193.7226 -45.5147 109.2499 0 0.939693 0.34202 0 -0.342021 0.939693 1 0 0 57518.dat
1 72 -166.3815 -36.104 108.7499 0 0.34202 0.939693 0 -0.939693 0.34202 1 0 0 57518.dat
1 72 -138.1908 -25.8434 109 0 0.34202 0.939693 0 -0.939693 0.34202 1 0 0 57518.dat
1 72 -109.9999 -15.5828 109.25 0 0.34202 0.939693 0 -0.939693 0.34202 1 0 0 57518.dat
1 72 -79.9999 -15.5828 108.75 0 0 1 0 -1 0 1 0 0 57518.dat
1 72 -50 -15.5828 109 0 0 1 0 -1 0 1 0 0 57518.dat
1 72 -20 -15.5828 108.5 0 0 1 0 -1 0 1 0 0 57518.dat
1 72 10 -15.5828 109 0 0 1 0 -1 0 1 0 0 57518.dat
1 72 40 -15.5828 109.25 0 0 1 0 -1 0 1 0 0 57518.dat
1 72 70 -15.5828 108.75 0 0 1 0 -1 0 1 0 0 57518.dat
1 72 100 -15.5828 109.25 0 0 1 0 -1 0 1 0 0 57518.dat
1 72 127.5793 -25.1644 108.5 0 -0.309017 0.951056 0 -0.951056 -0.309017 1 0 0 57518.dat
1 72 156.1116 -34.4349 108.75 0 -0.309017 0.951056 0 -0.951056 -0.309017 1 0 0 57518.dat
1 72 184.6451 -43.7059 109 0 -0.309017 0.951056 0 -0.951056 -0.309017 1 0 0 57518.dat
1 72 209.423 -60.4482 109.5 0 -0.559193 0.829037 0 -0.829037 -0.559193 1 0 0 57518.dat
1 72 200.8017 -89.2263 109 0 -0.956305 -0.292372 0 0.292372 -0.956305 1 0 0 57518.dat
1 72 172.2692 -98.4966 108.5 0 -0.309016 -0.951057 0 0.951057 -0.309016 1 0 0 57518.dat
1 72 142.7086 -98.4271 108.75 0 0 -1 0 1 0 1 0 0 57518.dat
1 72 112.7086 -98.4271 109 0 0 -1 0 1 0 1 0 0 57518.dat
1 72 82.7079 -98.427 108.5 0 0 -1 0 1 0 1 0 0 57518.dat
0 STEP
0 !LEOCAD GROUP END
1 14 143.9999 -174.0001 80 0 -1 0 0 0 -1 1 0 0 3023.dat
1 14 143.9999 -174.0001 -120 0 -1 0 0 0 -1 1 0 0 3023.dat
1 15 152 -176.0001 80 0 -1 0 0 0 1 -1 0 0 4150p01.dat
1 15 152 -176.0001 -120 0 -1 0 0 0 1 -1 0 0 4150p01.dat
1 7 -231 -182.3205 90 0 -0.866025 -0.5 0 0.5 -0.866025 1 0 0 4273b.dat
1 7 -221 -165 80 0 -0.866025 -0.5 0 0.5 -0.866025 1 0 0 3749.dat
1 7 -221.866 -164.5 96 -0.5 -0.866025 0 -0.866025 0.5 0 0 0 -1 4265a.dat
1 0 -239 -196.1769 90 -0.5 -0.866025 0 -0.866025 0.5 0 0 0 -1 3704.dat
1 148 -251 -216.9615 90 -0.866025 0.5 0 0.5 0.866025 0 0 0 -1 55525.dat
0 STEP
1 14 0 -200 -70 1 0 0 0 1 0 0 0 1 3702.dat
1 71 0 -168 -70 1 0 0 0 1 0 0 0 1 3710.dat
1 71 0 -176 -70 1 0 0 0 1 0 0 0 1 3710.dat
1 14 0 -200 30 1 0 0 0 1 0 0 0 1 3702.dat
1 71 0 -168 30 1 0 0 0 1 0 0 0 1 3710.dat
1 71 0 -176 30 1 0 0 0 1 0 0 0 1 3710.dat
0 STEP
1 0 0 -150 -60 0 0 -1 0 1 0 1 0 0 2780.dat
1 0 0 -190 -60 0 0 -1 0 1 0 1 0 0 2780.dat
1 0 0 -150 20 0 0 -1 0 1 0 1 0 0 2780.dat
1 0 0 -190 20 0 0 -1 0 1 0 1 0 0 2780.dat
1 7 11 -191 -50 0 -1 0 1 0 0 0 0 1 3894.dat
1 7 11 -191 10 0 -1 0 1 0 0 0 0 1 3894.dat
0 STEP
1 0 60 -208 -70 -1 0 0 0 1 0 0 0 -1 3710.dat
1 0 80 -216.0001 -70 -1 0 0 0 1 0 0 0 -1 3710.dat
1 0 -20 -216 30 -1 0 0 0 1 0 0 0 -1 3666.dat
1 0 -20 -208 30 -1 0 0 0 1 0 0 0 -1 3710.dat
1 0 80 -216 30 -1 0 0 0 1 0 0 0 -1 3710.dat
1 0 60 -208 30 -1 0 0 0 1 0 0 0 -1 3710.dat
1 0 -70 -208 -20 0 0 -1 0 1 0 1 0 0 3666.dat
1 0 -20 -216 -70 -1 0 0 0 1 0 0 0 -1 3666.dat
1 0 -20 -208 -70 -1 0 0 0 1 0 0 0 -1 3710.dat
1 0 110 -208 -20 0 0 -1 0 1 0 1 0 0 3666.dat
0 STEP
1 14 -20 -240.0001 -70 -1 0 0 0 1 0 0 0 -1 3895.dat
1 14 -20 -240 30 -1 0 0 0 1 0 0 0 -1 3895.dat
0 STEP
1 0 -70 -216 -20 0 0 1 0 1 0 -1 0 0 3710.dat
1 14 110 -216.0001 -20.0056 0 0 -1 0 1 0 1 0 0 3069b.dat
1 0 120 -216.0001 -50 -1 0 0 0 1 0 0 0 -1 3023.dat
1 0 120 -216.0001 10 -1 0 0 0 1 0 0 0 -1 3023.dat
0 STEP
1 0 180 -240.0001 -30 -1 0 0 0 1 0 0 0 -1 3703.dat
1 71 59.75 -230.0671 9.5 0.866025 -0.5 0 0.5 0.866025 0 0 0 1 3650c.dat
1 71 59.75 -230.0671 -45 -0.866025 -0.5 0 -0.5 0.866025 0 0 0 -1 4185.dat
1 0 180 -240.0001 -10 1 0 0 0 1 0 0 0 1 3703.dat
1 0 280 -230.0001 -20 0 0 1 0 1 0 -1 0 0 2780.dat
1 0 59.75 -230.0671 -20 0 -0.5 -0.866025 0 0.866025 -0.5 1 0 0 3706.dat
1 0 100 -230.0001 -20 0 0 1 0 1 0 -1 0 0 2780.dat
1 71 39.6891 -230 -40 0 0 1 0 1 0 -1 0 0 4274.dat
1 71 80 -230.0001 -40 0 0 1 0 1 0 -1 0 0 4274.dat
1 7 59.75 -230.0671 -55 0.866025 -0.5 0 0.5 0.866025 0 0 0 1 4265a.dat
0 STEP
1 14 -70 -240 -20 0 0 -1 0 1 0 1 0 0 3701.dat
1 14 110 -240 20 0 0 1 0 1 0 -1 0 0 3700.dat
1 14 110 -240.0001 -60 0 0 1 0 1 0 -1 0 0 3700.dat
0 STEP
1 0 140 -240.0001 -50 -1 0 0 0 1 0 0 0 -1 3700.dat
1 4 150 -248 -70 1 0 0 0 1 0 0 0 1 2450.dat
1 4 130 -272.0001 -50 0 0 -1 0 1 0 1 0 0 3040B.dat
1 0 140 -240.0001 10 -1 0 0 0 1 0 0 0 -1 3700.dat
1 4 150 -248 30 0 0 -1 0 1 0 1 0 0 2450.dat
1 4 130 -272.0001 10 0 0 -1 0 1 0 1 0 0 3040B.dat
0 STEP
1 14 40 -248.0001 -80 -1 0 0 0 1 0 0 0 -1 3709B.dat
1 14 20 -248 40 0 0 -1 0 1 0 1 0 0 3022.dat
1 14 -70 -248 -20 0 0 -1 0 1 0 1 0 0 3460.dat
0 STEP
1 14 20 -272.0001 -90 -1 0 0 0 1 0 0 0 -1 3702.dat
1 14 20 -272 50 -1 0 0 0 1 0 0 0 -1 3702.dat
1 14 -70 -272 -20 0 0 1 0 1 0 -1 0 0 3702.dat
0 STEP
1 14 -30 -248.0001 -90 -1 0 0 0 1 0 0 0 -1 3623.dat
1 14 60 -248 50 -1 0 0 0 1 0 0 0 -1 3023.dat
1 14 -30 -248 50 -1 0 0 0 1 0 0 0 -1 3623.dat
1 14 100 -248.0001 -90 -1 0 0 0 1 0 0 0 -1 3023.dat
1 14 100 -248 50 -1 0 0 0 1 0 0 0 -1 3023.dat
0 STEP
1 14 110 -248 30 -1 0 0 0 1 0 0 0 -1 2420.dat
1 14 110 -248 -70 0 0 -1 0 1 0 1 0 0 2420.dat
1 14 130 -272.0001 -70 0 0 -1 0 1 0 1 0 0 3005.dat
1 14 120 -272.0001 -90 -1 0 0 0 1 0 0 0 -1 3700.dat
1 14 130 -272.0001 30 0 0 -1 0 1 0 1 0 0 3005.dat
1 14 120 -272.0001 50 -1 0 0 0 1 0 0 0 -1 3700.dat
1 14 -30 -248 20 0 0 -1 0 1 0 1 0 0 3023.dat
0 STEP
1 0 110 -272 20 0 0 -1 0 1 0 1 0 0 3700.dat
1 14 -30 -272 20 0 0 1 0 1 0 -1 0 0 3700.dat
1 71 90 -262.0171 20.1294 0 0 -1 -0.258819 0.965926 0 0.965926 0.258819 0 3713.dat
1 0 60 -262.6294 20.483 0 0 -1 -0.965926 -0.258819 0 -0.258819 0.965926 0 4716.dat
1 71 30 -262.0171 20.1295 0 0 1 0.258819 0.965926 0 -0.965926 0.258819 0 3713.dat
1 71 10 -262.0171 20.1294 0 0 -1 -0.258819 0.965926 0 0.965926 0.258819 0 3713.dat
1 71 -10 -262.0171 20.1295 0 0 1 0.258819 0.965926 0 -0.965926 0.258819 0 3713.dat
1 71 -50 -262.0171 20.1294 0 0 -1 -0.258819 0.965926 0 0.965926 0.258819 0 3647.dat
1 0 20 -262.0171 20.1294 1 0 0 0 0.965926 -0.258819 0 0.258819 0.965926 3737.dat
1 0 110 -272.0001 -60 0 0 -1 0 1 0 1 0 0 3700.dat
0 STEP
1 0 -100 -248 30 0 0 -1 0 1 0 1 0 0 3021.dat
1 0 -100 -272 50.0001 -1 0 0 0 1 0 0 0 -1 3700.dat
1 0 -100 -272.0001 -90 -1 0 0 0 1 0 0 0 -1 3700.dat
1 0 -100 -248.0001 -70 0 0 -1 0 1 0 1 0 0 3021.dat
1 14 130 -280 -80 0 0 -1 0 1 0 1 0 0 3023.dat
1 14 130 -280 40 0 0 -1 0 1 0 1 0 0 3023.dat
1 0 -30 -280 20 0 0 -1 0 1 0 1 0 0 3023.dat
0 STEP
1 0 -20.0001 -280 -90 -1 0 0 0 1 0 0 0 -1 4477.dat
1 0 -20 -280 50 -1 0 0 0 1 0 0 0 -1 4477.dat
1 0 110 -280 50 -1 0 0 0 1 0 0 0 -1 2420.dat
1 0 120 -280 -20 0 0 -1 0 1 0 1 0 0 3709B.dat
1 0 110 -280.0001 -90 0 0 -1 0 1 0 1 0 0 2420.dat
1 0 -160 -248 20 -1 0 0 0 1 0 0 0 -1 3709B.dat
1 0 -160 -272 30 -1 0 0 0 1 0 0 0 -1 3894.dat
1 0 -160 -272.0001 -70 -1 0 0 0 1 0 0 0 -1 3894.dat
1 0 -160 -248.0001 -60 -1 0 0 0 1 0 0 0 -1 3709B.dat
0 STEP
1 0 -140 -262 -20 1 0 0 0 1 0 0 0 1 3737.dat
1 71 -50.5 -262 -20 0 0 1 0 1 0 -1 0 0 3650c.dat
0 STEP
1 0 20 -288 40 -1 0 0 0 1 0 0 0 -1 3795.dat
1 0 -70 -280 -20 0 0 -1 0 1 0 1 0 0 3666.dat
1 0 20 -288 -79.9999 -1 0 0 0 1 0 0 0 -1 3795.dat
1 0 -120 -280 -20 0 0 -1 0 1 0 1 0 0 3795.dat
1 0 -160 -280 -20 0 0 -1 0 1 0 1 0 0 3795.dat
1 14 -200 -280 -20 0 0 -1 0 1 0 1 0 0 3795.dat
1 0 -50.0001 -288 -80 0 0 -1 0 1 0 1 0 0 3023.dat
1 0 -50 -288 40.0001 0 0 -1 0 1 0 1 0 0 3023.dat
1 0 -10 -288 -20 0 0 -1 0 1 0 1 0 0 3710.dat
1 0 -10 -280 -20 0 0 -1 0 1 0 1 0 0 3666.dat
1 14 -210 -272 -20 0 0 -1 0 1 0 1 0 0 3701.dat
0 STEP
1 0 -220 -248 -20 0 0 -1 0 1 0 1 0 0 3709B.dat
1 14 -230 -262.5 -80 0 1 0 -1 0 0 0 0 1 2825.dat
0 STEP
1 0 -80 -288 -20 0 0 -1 0 1 0 1 0 0 3738.dat
1 4 100 -288 -20 0 0 -1 0 1 0 1 0 0 3738.dat
1 4 130 -288 -20 0 0 -1 0 1 0 1 0 0 3710.dat
1 14 -40 -296 -69.9999 -1 0 0 0 1 0 0 0 -1 3023.dat
1 14 -40 -296 30.0001 -1 0 0 0 1 0 0 0 -1 3023.dat
0 STEP
1 0 -70 -296 -20 0 0 -1 0 1 0 1 0 0 3666.dat
1 14 40 -296 -20 0 0 -1 0 1 0 1 0 0 3958.dat
1 0 110 -296 -20 0 0 -1 0 1 0 1 0 0 3710.dat
1 14 20 -296 50.0001 1 0 0 0 1 0 0 0 1 4162.dat
1 14 20 -296 -90 1 0 0 0 1 0 0 0 1 4162.dat
1 0 -110 -288 -19.9999 0 0 -1 0 1 0 1 0 0 4162.dat
0 STEP
1 14 100 -304 -20 0 0 -1 0 1 0 1 0 0 3709B.dat
1 71 -90 -296 -20 0 0 -1 0 1 0 1 0 0 3743.dat
1 14 -40 -304 -20 0 0 -1 0 1 0 1 0 0 3031.dat
1 0 -100 -262 60.0001 0 0 1 0 1 0 -1 0 0 2780.dat
1 0 -100 -262.0001 -100 0 0 1 0 1 0 -1 0 0 2780.dat
1 4 350 -216.0001 -20 1 0 0 0 1 0 0 0 1 3021.dat
1 4 370 -240.0001 -20 0 0 -1 0 1 0 1 0 0 3700.dat
1 4 350 -248.0001 -20 1 0 0 0 1 0 0 0 1 3021.dat
1 7 -180 -288 -40 0 0 1 0 1 0 -1 0 0 9258.dat
0 STEP
1 71 14.4957 -244.2886 70.0001 0 0.707107 -0.707107 0 0.707107 0.707107 1 0 0 3713.dat
1 71 7.4246 -237.2175 70 0.707107 0.707107 0 -0.707107 0.707107 0 0 0 1 3749.dat
1 0 -0.3536 -230.1465 -20 0 -0.707107 0.707107 0 0.707107 0.707107 -1 0 0 3707.dat
1 71 7.4246 -237.2175 -110 0.707107 0.707107 0 -0.707107 0.707107 0 0 0 1 3749.dat
1 71 14.4957 -244.2886 -109.9999 0 0.707107 -0.707107 0 0.707107 0.707107 1 0 0 3713.dat
1 7 0 -230.4999 -90 0.707108 0.707106 0 -0.707106 0.707108 0 0 0 1 3651.dat
1 7 -0.0001 -230.5 50.0001 0.707105 -0.707109 0 -0.707109 -0.707105 0 0 0 -1 3651.dat
0 STEP
1 14 -180 -296 -40 -0.325733 0 -0.945462 0 1 0 0.945462 0 -0.325733 3022.dat
1 0 -183.2574 -320 -30.5453 0.945462 0 -0.325733 0 1 0 0.325733 0 0.945462 3700.dat
1 0 -176.7427 -320 -49.4546 0.945462 0 -0.325733 0 1 0 0.325733 0 0.945462 3700.dat
1 0 -180 -328 -40 -0.325733 0 -0.945462 0 1 0 0.945462 0 -0.325733 3068b.dat
1 14 -177.4816 -316.4854 3.175 0.325733 -0.888444 0.323367 0 0.342021 0.939693 -0.945462 -0.306088 0.111407 4150.dat
1 0 -184.5892 -313.7492 0.7264 0.325733 -0.888443 0.323367 0 0.342021 0.939692 -0.945462 -0.306088 0.111407 2444.dat
1 14 -151.4229 -316.4854 -72.4619 -0.325733 -0.888444 -0.323367 0 0.34202 -0.939693 0.945462 -0.306089 -0.111407 4150.dat
1 0 -158.5305 -313.7492 -74.9106 -0.325732 -0.888444 -0.323367 0 0.342021 -0.939693 0.945462 -0.306089 -0.111407 2444.dat
1 0 -186.5147 -310 -21.0907 -0.325733 0 -0.945462 0 1 0 0.945462 0 -0.325733 2780.dat
1 0 -173.4854 -310 -58.9092 0.325733 0 0.945462 0 1 0 -0.945462 0 0.325733 2780.dat
0 STEP
1 0 -103.2492 -271.4271 80.0001 0 0.34202 0.939693 0 0.939693 -0.34202 -1 0 0 2817.dat
1 0 -120.8546 -290.5595 80.0001 0 0.34202 -0.939693 0 0.939693 0.34202 1 0 0 3700.dat
1 0 -114.1938 -301.4973 80.0001 0 0.34202 -0.939693 0 0.939693 0.34202 1 0 0 3068b.dat
1 71 -117.6053 -281.6326 80.0001 0 -0.34202 -0.939693 0 -0.939693 0.34202 -1 0 0 2853.dat
1 0 -114.1939 -301.4973 -119.9999 0 0.34202 -0.939693 0 0.939693 0.34202 1 0 0 3068b.dat
1 0 -120.8546 -290.5596 -119.9999 0 0.34202 -0.939693 0 0.939693 0.34202 1 0 0 3700.dat
1 0 -103.2492 -271.4272 -119.9999 0 0.34202 0.939693 0 0.939693 -0.34202 -1 0 0 2817.dat
1 71 -117.6054 -281.6326 -119.9999 0 0.34202 -0.939693 0 0.939693 0.34202 1 0 0 2853.dat
1 7 -131.5298 -276.0323 90.0001 0 0.34202 -0.939693 0 0.939693 0.34202 1 0 0 4265a.dat
1 7 -131.5299 -276.0323 -129.9999 0 0.34202 -0.939693 0 0.939693 0.34202 1 0 0 4265a.dat
0 STEP
1 7 115 -333.5 0 0 0 1 0 1 0 -1 0 0 4265a.dat
1 7 115 -333.5 -40 0 0 1 0 1 0 -1 0 0 4265a.dat
1 7 95 -333.5 0 0 0 1 0 1 0 -1 0 0 4265a.dat
1 7 95 -333.5 -40 0 0 1 0 1 0 -1 0 0 4265a.dat
1 7 -86.4245 -292.4493 90.0001 0 0.342019 -0.939693 0 0.939693 0.342019 1 0 0 4265a.dat
1 7 -86.4246 -292.4493 -130 0 0.34202 -0.939693 0 0.939693 0.34202 1 0 0 4265a.dat
1 0 -70.4498 -298.2636 90.0001 -0.939693 0.34202 0 0.34202 0.939693 0 0 0 -1 3705.dat
1 71 -53.5353 -304.42 90.0001 0 0.34202 -0.939693 0 0.939693 0.34202 1 0 0 3713.dat
1 71 -22.2209 -316.3496 90.0001 -0.34202 -0.939693 0 -0.939693 0.34202 0 0 0 -1 4589.dat
1 71 -72.3291 -297.5796 90.0001 0 0.34202 0.939693 0 0.939693 -0.34202 -1 0 0 3647.dat
1 71 -53.5353 -304.42 -130 0 0.34202 -0.939693 0 0.939693 0.34202 1 0 0 3713.dat
1 71 -22.2209 -316.3496 -130 -0.34202 -0.939693 0 -0.939693 0.34202 0 0 0 -1 4589.dat
1 71 -72.3292 -297.5796 -130 0 0.34202 0.939693 0 0.939693 -0.34202 -1 0 0 3647.dat
1 0 -70.4498 -298.2637 -129.9999 -0.939693 0.34202 0 0.34202 0.939693 0 0 0 -1 3705.dat
1 0 120 -333.5 -40 -1 0 0 0 1 0 0 0 -1 3705.dat
1 71 80 -324.0001 -40 0 0 -1 1 0 0 0 -1 0 2854.dat
1 0 120 -333.5 0 -1 0 0 0 1 0 0 0 -1 3705.dat
1 71 80 -324.0001 0 0 0 -1 1 0 0 0 -1 0 2854.dat
1 7 100 -314 -0.5 -1 0 0 0 0 1 0 1 0 4273b.dat
0 !LEOCAD PIECE PIVOT  0 0 0 0.374607 0 0.927184 0 1 0 -0.927184 0 0.374607
1 7 100 -314 -40.5 -1 0 0 0 0 1 0 1 0 4273b.dat
0 LEGOPard 2 v1_complete
0 Author: LEGO Digital Designer 4.3
