0 FILE LEGOPard 2 v1_complete.ldr
0 !LEOCAD MODEL BACKGROUND GRADIENT 0.176471 0.486275 0.701961 1 1 1
1 4 0 -1.5545 0 1 0 0 0 1 0 0 0 1 Chassis.ldr
0 STEP
1 4 0 -201.5545 0 1 0 0 0 1 0 0 0 1 Turret.ldr
0 STEP
1 71 14.4957 -244.2886 90.0001 0 0.707107 -0.707107 0 0.707107 0.707107 1 0 0 3713.dat
1 71 7.4246 -237.2175 90 0.707107 0.707107 0 -0.707107 0.707107 0 0 0 1 3749.dat
1 0 -0.3536 -230.1465 0 0 -0.707107 0.707107 0 0.707107 0.707107 -1 0 0 3707.dat
1 71 7.4246 -237.2175 -90 0.707107 0.707107 0 -0.707107 0.707107 0 0 0 1 3749.dat
1 71 14.4957 -244.2886 -89.9999 0 0.707107 -0.707107 0 0.707107 0.707107 1 0 0 3713.dat
1 7 0 -230.4999 -70 0.707108 0.707106 0 -0.707106 0.707108 0 0 0 1 3651.dat
1 7 -0.0001 -230.5 70.0001 0.707105 -0.707109 0 -0.707109 -0.707105 0 0 0 -1 3651.dat
0 STEP
1 7 -180 -288 -20 0 0 1 0 1 0 -1 0 0 9258.dat
1 0 -100 -262 80.0001 0 0 1 0 1 0 -1 0 0 2780.dat
1 0 -100 -262.0001 -80 0 0 1 0 1 0 -1 0 0 2780.dat
0 STEP
1 14 -180 -296 -20 -0.325733 0 -0.945462 0 1 0 0.945462 0 -0.325733 3022.dat
1 0 -183.2574 -320 -10.5453 0.945462 0 -0.325733 0 1 0 0.325733 0 0.945462 3700.dat
1 0 -176.7427 -320 -29.4546 0.945462 0 -0.325733 0 1 0 0.325733 0 0.945462 3700.dat
1 0 -180 -328 -20 -0.325733 0 -0.945462 0 1 0 0.945462 0 -0.325733 3068b.dat
1 14 -177.4816 -316.4854 23.175 0.325733 -0.888444 0.323367 0 0.342021 0.939693 -0.945462 -0.306088 0.111407 4150.dat
1 0 -184.5892 -313.7492 20.7264 0.325733 -0.888443 0.323367 0 0.342021 0.939692 -0.945462 -0.306088 0.111407 2444.dat
1 14 -151.4229 -316.4854 -52.4619 -0.325733 -0.888444 -0.323367 0 0.34202 -0.939693 0.945462 -0.306089 -0.111407 4150.dat
1 0 -158.5305 -313.7492 -54.9106 -0.325732 -0.888444 -0.323367 0 0.342021 -0.939693 0.945462 -0.306089 -0.111407 2444.dat
1 0 -186.5147 -310 -1.0907 -0.325733 0 -0.945462 0 1 0 0.945462 0 -0.325733 2780.dat
1 0 -173.4854 -310 -38.9092 0.325733 0 0.945462 0 1 0 -0.945462 0 0.325733 2780.dat
0 STEP
1 0 -103.2492 -271.4271 100.0001 0 0.34202 0.939693 0 0.939693 -0.34202 -1 0 0 2817.dat
1 0 -120.8546 -290.5595 100.0001 0 0.34202 -0.939693 0 0.939693 0.34202 1 0 0 3700.dat
1 0 -114.1938 -301.4973 100.0001 0 0.34202 -0.939693 0 0.939693 0.34202 1 0 0 3068b.dat
1 71 -117.6053 -281.6326 100.0001 0 -0.34202 -0.939693 0 -0.939693 0.34202 -1 0 0 2853.dat
1 0 -114.1939 -301.4973 -99.9999 0 0.34202 -0.939693 0 0.939693 0.34202 1 0 0 3068b.dat
1 0 -120.8546 -290.5596 -99.9999 0 0.34202 -0.939693 0 0.939693 0.34202 1 0 0 3700.dat
1 0 -103.2492 -271.4272 -99.9999 0 0.34202 0.939693 0 0.939693 -0.34202 -1 0 0 2817.dat
1 71 -117.6054 -281.6326 -99.9999 0 0.34202 -0.939693 0 0.939693 0.34202 1 0 0 2853.dat
1 7 -131.5298 -276.0323 110.0001 0 0.34202 -0.939693 0 0.939693 0.34202 1 0 0 4265a.dat
1 7 -131.5299 -276.0323 -109.9999 0 0.34202 -0.939693 0 0.939693 0.34202 1 0 0 4265a.dat
0 STEP
1 7 115 -333.5 20 0 0 1 0 1 0 -1 0 0 4265a.dat
1 7 115 -333.5 -20 0 0 1 0 1 0 -1 0 0 4265a.dat
1 7 95 -333.5 20 0 0 1 0 1 0 -1 0 0 4265a.dat
1 7 95 -333.5 -20 0 0 1 0 1 0 -1 0 0 4265a.dat
1 7 -86.4245 -292.4493 110.0001 0 0.342019 -0.939693 0 0.939693 0.342019 1 0 0 4265a.dat
1 7 -86.4246 -292.4493 -110 0 0.34202 -0.939693 0 0.939693 0.34202 1 0 0 4265a.dat
1 0 -70.4498 -298.2636 110.0001 -0.939693 0.34202 0 0.34202 0.939693 0 0 0 -1 3705.dat
1 71 -53.5353 -304.42 110.0001 0 0.34202 -0.939693 0 0.939693 0.34202 1 0 0 3713.dat
1 71 -22.2209 -316.3496 110.0001 -0.34202 -0.939693 0 -0.939693 0.34202 0 0 0 -1 4589.dat
1 71 -72.3291 -297.5796 110.0001 0 0.34202 0.939693 0 0.939693 -0.34202 -1 0 0 3647.dat
1 71 -53.5353 -304.42 -110 0 0.34202 -0.939693 0 0.939693 0.34202 1 0 0 3713.dat
1 71 -22.2209 -316.3496 -110 -0.34202 -0.939693 0 -0.939693 0.34202 0 0 0 -1 4589.dat
1 71 -72.3292 -297.5796 -110 0 0.34202 0.939693 0 0.939693 -0.34202 -1 0 0 3647.dat
1 0 -70.4498 -298.2637 -109.9999 -0.939693 0.34202 0 0.34202 0.939693 0 0 0 -1 3705.dat
1 0 120 -333.5 -20 -1 0 0 0 1 0 0 0 -1 3705.dat
1 71 80 -324.0001 -20 0 0 -1 1 0 0 0 -1 0 2854.dat
1 0 120 -333.5 20 -1 0 0 0 1 0 0 0 -1 3705.dat
1 71 80 -324.0001 20 0 0 -1 1 0 0 0 -1 0 2854.dat
1 7 100 -314 19.5 -1 0 0 0 0 1 0 1 0 4273b.dat
0 !LEOCAD PIECE PIVOT  0 0 0 0.374607 0 0.927184 0 1 0 -0.927184 0 0.374607
1 7 100 -314 -20.5 -1 0 0 0 0 1 0 1 0 4273b.dat
0 LEGOPard 2 v1_complete
0 Author: LEGO Digital Designer 4.3
0 NOFILE
0 FILE Chassis.ldr
0 !LEOCAD MODEL AUTHOR goeroeg
0 !LEOCAD MODEL BACKGROUND GRADIENT 0.176471 0.486275 0.701961 1 1 1
1 0 140 -70.0001 -80 0 0 -1 0 1 0 1 0 0 2780.dat
1 0 140 -69.9999 80 0 0 -1 0 1 0 1 0 0 2780.dat
1 0 0 -79.9999 -70 1 0 0 0 1 0 0 0 1 3703.dat
1 0 0 -79.9998 70 1 0 0 0 1 0 0 0 1 3703.dat
1 0 20 -70 -60 0 0 1 0 1 0 -1 0 0 2780.dat
1 0 40 -70 -80 0 0 -1 0 1 0 1 0 0 2780.dat
1 0 20 -69.9999 60 0 0 1 0 1 0 -1 0 0 2780.dat
1 0 40 -69.9999 80 0 0 -1 0 1 0 1 0 0 2780.dat
1 0 -20 -70 -60 0 0 1 0 1 0 -1 0 0 2780.dat
1 0 -20 -69.9999 60 0 0 1 0 1 0 -1 0 0 2780.dat
1 0 -40 -70 -80 0 0 -1 0 1 0 1 0 0 2780.dat
1 0 -40 -69.9999 80 0 0 -1 0 1 0 1 0 0 2780.dat
1 0 -140 -70 -80 0 0 -1 0 1 0 1 0 0 2780.dat
1 0 -140 -69.9999 80 0 0 -1 0 1 0 1 0 0 2780.dat
0 STEP
1 4 140 -80 -90 1 0 0 0 1 0 0 0 1 3894.dat
1 14 80 -88 -90 1 0 0 0 1 0 0 0 1 3666.dat
1 4 0 -80 -90 1 0 0 0 1 0 0 0 1 3702.dat
1 4 -140 -80 -90 1 0 0 0 1 0 0 0 1 3894.dat
1 4 140 -79.9999 90 1 0 0 0 1 0 0 0 1 3894.dat
1 14 80 -87.9999 90 1 0 0 0 1 0 0 0 1 3666.dat
1 4 0 -79.9999 90 1 0 0 0 1 0 0 0 1 3702.dat
1 4 -140 -79.9999 90 1 0 0 0 1 0 0 0 1 3894.dat
0 STEP
1 0 60 -46 -80 0 0 -1 0 1 0 1 0 0 2780.dat
1 0 60 -45.9999 80 0 0 -1 0 1 0 1 0 0 2780.dat
1 0 0 -56 -70 1 0 0 0 1 0 0 0 1 3702.dat
1 0 0 -56 70 1 0 0 0 1 0 0 0 1 3702.dat
1 0 -60 -46 -80 0 0 -1 0 1 0 1 0 0 2780.dat
1 0 -60 -45.9999 80 0 0 -1 0 1 0 1 0 0 2780.dat
0 STEP
1 14 80 -56 -90 1 0 0 0 1 0 0 0 1 3701.dat
1 14 -80 -56 -90 1 0 0 0 1 0 0 0 1 3701.dat
1 14 80 -56 90 1 0 0 0 1 0 0 0 1 3701.dat
1 14 -80 -56 90 1 0 0 0 1 0 0 0 1 3701.dat
0 STEP
0 !LEOCAD GROUP BEGIN turntable
1 7 0 -120 0 1 0 0 0 1 0 0 0 1 2856.dat
1 7 0 -120 0 0 0 1 0 1 0 -1 0 0 2855.dat
0 STEP
0 !LEOCAD GROUP END
1 0 80.1332 -83.9999 0.4819 0 0 1 1 0 0 0 1 0 3705.dat
1 71 80.6332 -77.5 -0.0181 0 1 0 0 0 -1 -1 0 0 3650c.dat
1 71 80.1332 -108.9999 0.4819 -1 0.000004 0 0 0 1 0.000004 1 0 3647.dat
1 0 60 -63.9999 0 1 0 0 0 1 0 0 0 1 3709B.dat
1 0 30 -87.9999 0 0 0 1 0 1 0 -1 0 0 3700.dat
1 0 60 -95.9999 0 1 0 0 0 1 0 0 0 1 3709B.dat
1 7 79.6332 -50.9999 -0.0181 0 -1 0 0 0 1 -1 0 0 4265a.dat
0 STEP
1 71 120 -70 -30 -1 0 0 0 1 0 0 0 -1 3713.dat
1 0 120 -70 0 0 0 1 0 1 0 -1 0 0 3737.dat
1 71 120 -71 -50 -1 0 0 0 -1 0 0 0 1 3713.dat
1 0 120.5 -70.4999 0 0 1 0 1 0 0 0 0 -1 4716.dat
1 71 120 -70.9999 30 -1 0 0 0 -1 0 0 0 1 3713.dat
1 71 120 -69.9999 50 -1 0 0 0 1 0 0 0 -1 3647.dat
0 STEP
1 0 -80 -87.9999 -70 1 0 0 0 1 0 0 0 1 3023.dat
1 0 -80 -87.9999 70 1 0 0 0 1 0 0 0 1 3023.dat
1 0 -130 -87.9999 -70 1 0 0 0 1 0 0 0 1 2420.dat
1 0 -130 -87.9998 70 0 0 1 0 1 0 -1 0 0 2420.dat
1 0 -130 -79.9998 -40 0 0 -1 0 1 0 1 0 0 3700.dat
1 0 -130 -79.9998 40 0 0 -1 0 1 0 1 0 0 3700.dat
1 14 -130 -55.9998 0 0 0 -1 0 1 0 1 0 0 3460.dat
0 STEP
1 0 -160 -79.9998 -10 1 0 0 0 1 0 0 0 1 3702.dat
1 0 -160 -79.9998 10 1 0 0 0 1 0 0 0 1 3702.dat
1 0 -90 -55.9999 0 0 0 -1 0 1 0 1 0 0 3023.dat
1 0 -180 -79.9998 -30 1 0 0 0 1 0 0 0 1 3701.dat
1 0 -180 -79.9998 30 1 0 0 0 1 0 0 0 1 3701.dat
1 0 -160 -69.9999 20 0 0 1 0 1 0 -1 0 0 2780.dat
1 0 -100 -69.9999 0 0 0 1 0 1 0 -1 0 0 2780.dat
1 0 -160 -70.0001 -20 0 0 1 0 1 0 -1 0 0 2780.dat
1 0 -200 -69.9997 -20 0 0 1 0 1 0 -1 0 0 2780.dat
1 0 -200 -69.9998 20 0 0 1 0 1 0 -1 0 0 2780.dat
0 STEP
1 71 -180.5 -70.5 -49.5 0 -1 0 -1 0 0 0 0 -1 3650c.dat
1 0 -180 -70 -80 0 0 -1 0 1 0 1 0 0 3706.dat
1 71 -180 -70 -70 1 0 0 0 1 0 0 0 1 3713.dat
1 71 -180 -70 -110 -1 0 0 0 1 0 0 0 -1 3713.dat
1 0 -180 -70 -130 -1 0 0 0 1 0 0 0 -1 57520.dat
1 71 -179.5 -70.4999 49.5 0 1 0 -1 0 0 0 0 1 3650c.dat
1 0 -180 -69.9999 80 0 0 1 0 1 0 -1 0 0 3706.dat
1 71 -180 -69.9999 70 -1 0 0 0 1 0 0 0 -1 3713.dat
1 71 -180 -69.9999 110 1 0 0 0 1 0 0 0 1 3713.dat
1 0 -180 -69.9999 130 1 0 0 0 1 0 0 0 1 57520.dat
0 STEP
1 0 180 -69.9999 100 0 0 -1 0 1 0 1 0 0 3705.dat
1 71 180 -70.9999 110 -1 0 0 0 -1 0 0 0 1 3713.dat
1 0 180 -69.9999 130 -1 0 0 0 1 0 0 0 -1 57520.dat
1 0 99.75 -46.0669 100 0 0 1 0 1 0 -1 0 0 3705.dat
1 71 99.75 -46.0669 110 1 0 0 0 1 0 0 0 1 3713.dat
1 0 99.75 -46.0669 130 -1 -0.000001 0 -0.000001 1 0 0 0 -1 57520.dat
1 0 0 -69.9999 80 0 0 1 0 1 0 -1 0 0 3706.dat
1 71 0 -70.9999 110 -1 0 0 0 -1 0 0 0 1 3713.dat
1 0 0 -69.9999 130 -1 0 0 0 1 0 0 0 -1 57520.dat
1 0 -100.108 -46.9881 100 0 0 1 0 1 0 -1 0 0 3705.dat
1 71 -100.108 -46.9881 110 0.290086 -0.957001 0 0.957001 0.290086 0 0 0 1 3713.dat
1 0 -100.108 -46.9881 130 -1 0 0 0 1 0 0 0 -1 57520.dat
1 7 180 -69.9999 75 -1 0 0 0 1 0 0 0 -1 4265a.dat
1 7 0 -69.9999 35 -1 0 0 0 1 0 0 0 -1 4265a.dat
1 7 -100.108 -46.9881 75 -1 0 0 0 1 0 0 0 -1 4265a.dat
1 7 99.75 -46.0669 75 -1 -0.000001 0 -0.000001 1 0 0 0 -1 4265a.dat
1 0 180 -70 -100 0 0 1 0 1 0 -1 0 0 3705.dat
1 71 180 -71 -110 1 0 0 0 -1 0 0 0 -1 3713.dat
1 0 99.7267 -46.0813 -100 0 0 1 0 1 0 -1 0 0 3705.dat
1 71 99.7267 -47.0814 -110 1 0 0 0 -1 0 0 0 -1 3713.dat
1 0 99.7267 -46.0813 -130 1 0 0 0 1 0 0 0 1 57520.dat
1 0 0 -70 -80 0 0 1 0 1 0 -1 0 0 3706.dat
1 71 0 -71 -110 1 0 0 0 -1 0 0 0 -1 3713.dat
1 0 0 -70 -130 1 0 0 0 1 0 0 0 1 57520.dat
1 0 -100.3906 -46.1879 -100 0 -0.000001 1 0 1 0.000001 -1 0 0 3705.dat
1 71 -100.3906 -47.1879 -110 1 0.000001 0 0.000001 -1 0 0 0 -1 3713.dat
1 0 -100.3906 -46.1879 -130 1 -0.000001 0 0.000001 1 0 0 0 1 57520.dat
1 0 180 -70 -130 1 0 0 0 1 0 0 0 1 57520.dat
1 7 180 -70 -75 1 0 0 0 1 0 0 0 1 4265a.dat
1 7 99.7267 -46.0813 -75 1 0 0 0 1 0 0 0 1 4265a.dat
1 7 0 -70 -35 1 0 0 0 1 0 0 0 1 4265a.dat
1 7 -100.3906 -46.1879 -75 1 -0.000001 0 0.000001 1 0 0 0 1 4265a.dat
0 STEP
1 14 140 -103.9999 -69 1 0 0 0 1 0 0 0 1 3702.dat
1 14 140 -103.9999 70 1 0 0 0 1 0 0 0 1 3702.dat
1 71 100 -93.9999 60 0 0 1 0 1 0 -1 0 0 3749.dat
1 71 100 -93.9999 50.75 1 0 0 0 1 0 0 0 1 4019.dat
0 STEP
1 14 150 -56 0 0 0 -1 0 1 0 1 0 0 3460.dat
1 0 210 -72 0 0 0 -1 0 1 0 1 0 0 3460.dat
1 14 210 -80 70 0 0 1 0 1 0 -1 0 0 3024.dat
1 14 210 -80.0001 -60 0 0 -1 0 1 0 1 0 0 3023.dat
0 STEP
1 14 200 -64.0001 20 1 0 0 0 1 0 0 0 1 3022.dat
1 14 210 -64.0001 50 0 0 -1 0 1 0 1 0 0 2420.dat
1 14 210 -64.0001 -60 0 0 -1 0 1 0 1 0 0 3023.dat
1 14 210 -64.0001 -20 0 0 -1 0 1 0 1 0 0 3023.dat
1 14 150 -64 40 0 0 -1 0 1 0 1 0 0 3023.dat
0 STEP
1 14 180 -56.0001 0 0 0 -1 0 1 0 1 0 0 3738.dat
1 14 20 -55.9999 0 0 0 -1 0 1 0 1 0 0 3795.dat
0 STEP
1 14 210 -104.0001 -50 1 0 0 0 1 0 0 0 1 3005.dat
1 14 150 -72 50 0 0 1 0 1 0 -1 0 0 2420.dat
1 0 -100 -96 0 0 0 -1 0 1 0 1 0 0 5306.dat
1 0 180 -72 -20 -1 0 0 0 1 0 0 0 -1 5306.dat
0 STEP
1 7 180 -128 10 1 0 0 0 1 0 0 0 1 2838c01.dat
1 7 180 -102.0001 -45 -1 0 0 0 1 0 0 0 -1 4265a.dat
0 STEP
1 0 120 -118 0 0 0 1 0 1 0 -1 0 0 3707.dat
1 71 120 -118 50 -1 0 0 0 1 0 0 0 -1 3647.dat
1 0 210 -128.0001 -50 1 0 0 0 1 0 0 0 1 3005.dat
1 0 140 -128 -70 1 0 0 0 1 0 0 0 1 3702.dat
1 0 140 -127.9999 70 1 0 0 0 1 0 0 0 1 3702.dat
1 7 120 -118 -55 1 0 0 0 1 0 0 0 1 4265a.dat
1 7 120 -120 -45 1 0 0 0 1 0 0 0 1 4185.dat
0 STEP
1 14 200 -136.0001 0 0 0 -1 0 1 0 1 0 0 3738.dat
1 14 160 -136 20 0 0 -1 0 1 0 1 0 0 3795.dat
1 0 120 -136 -70 1 0 0 0 1 0 0 0 1 3666.dat
1 0 100 -135.9999 70 1 0 0 0 1 0 0 0 1 3710.dat
0 STEP
1 0 -130 -111.9999 0 0 0 -1 0 1 0 1 0 0 3702.dat
1 0 -230 -111.9998 0 0 0 -1 0 1 0 1 0 0 3702.dat
1 0 -90 -111.9999 -60 0 0 -1 0 1 0 1 0 0 3700.dat
1 0 -90 -111.9999 60 0 0 -1 0 1 0 1 0 0 3700.dat
1 0 -172 -101.9999 -60 1 0 0 0 1 0 0 0 1 3707.dat
1 71 -150 -102.4998 -60.5 0 0 -1 1 0 0 0 -1 0 3713.dat
1 0 -180 -102.9998 -60 0 0 1 0 -1 0 1 0 0 4716.dat
1 71 -210 -102.4998 -59.5 0 0 1 1 0 0 0 1 0 3713.dat
1 71 -245 -101.9998 -60 0 0 -1 0 1 0 1 0 0 4185.dat
1 71 -150 -102.4998 59.5 0 0 -1 1 0 0 0 -1 0 3713.dat
1 0 -172 -101.9999 60 1 0 0 0 1 0 0 0 1 3707.dat
1 0 -180 -102.9998 60 0 0 1 0 -1 0 1 0 0 4716.dat
1 71 -210 -102.4998 60.5 0 0 1 1 0 0 0 1 0 3713.dat
1 71 -245 -101.9998 60 0 0 -1 0 1 0 1 0 0 4185.dat
1 7 -115 -101.9998 60 0 0 1 0 1 0 -1 0 0 4265a.dat
1 7 -115 -101.9999 -60 0 0 1 0 1 0 -1 0 0 4265a.dat
1 0 -230 -87.9998 0 0 0 -1 0 1 0 1 0 0 3460.dat
0 STEP
1 0 -150 -111.9999 0 0 0 -1 0 1 0 1 0 0 3710.dat
1 0 -150 -103.9999 0 0 0 1 0 1 0 -1 0 0 3701.dat
1 0 -210.0001 -111.9998 0 0 0 -1 0 1 0 1 0 0 3710.dat
1 0 -210 -103.9998 0 0 0 1 0 1 0 -1 0 0 3701.dat
0 STEP
1 0 -130 -119.9999 -60 0 0 -1 0 1 0 1 0 0 3023.dat
1 0 -130 -119.9998 60 0 0 -1 0 1 0 1 0 0 3023.dat
1 0 -140 -119.9999 0 1 0 0 0 1 0 0 0 1 3022.dat
1 0 -150 -119.9999 -30 1 0 0 0 1 0 0 0 1 3623.dat
1 0 -150 -119.9999 30 1 0 0 0 1 0 0 0 1 3623.dat
1 0 -230 -119.9998 -50 0 0 -1 0 1 0 1 0 0 3623.dat
1 0 -230 -119.9998 0 0 0 -1 0 1 0 1 0 0 3023.dat
1 0 -230 -119.9998 50 0 0 -1 0 1 0 1 0 0 3623.dat
1 0 -210.0001 -119.9998 -30 1 0 0 0 1 0 0 0 1 2420.dat
1 0 -210.0001 -119.9998 30 0 0 1 0 1 0 -1 0 0 2420.dat
0 STEP
1 0 -180.0001 -127.9998 0 1 0 0 0 1 0 0 0 1 3795.dat
1 0 -160.0001 -127.9998 -30 1 0 0 0 1 0 0 0 1 3710.dat
1 0 -180.0001 -127.9998 -70 1 0 0 0 1 0 0 0 1 3666.dat
1 0 -160.0001 -127.9998 30 1 0 0 0 1 0 0 0 1 3710.dat
1 0 -180.0001 -127.9998 70 1 0 0 0 1 0 0 0 1 3666.dat
0 STEP
1 0 -150.0001 -135.9999 -10 1 0 0 0 1 0 0 0 1 3623.dat
1 0 -160.0001 -135.9998 10 1 0 0 0 1 0 0 0 1 3710.dat
1 0 -190.0001 -135.9998 -70 1 0 0 0 1 0 0 0 1 2420.dat
1 0 -140.0001 -135.9999 50 0 0 -1 0 1 0 1 0 0 3021.dat
1 0 -180.0001 -135.9999 50 0 0 -1 0 1 0 1 0 0 3021.dat
1 0 -220.0001 -135.9998 -70 1 0 0 0 1 0 0 0 1 3023.dat
1 0 -220.0001 -135.9998 70 1 0 0 0 1 0 0 0 1 3023.dat
0 STEP
1 0 -90 -135.9999 0 0 0 -1 0 1 0 1 0 0 3702.dat
1 0 -219 -136 39 0 0 1 0 1 0 -1 0 0 5306.dat
1 0 -220 -136 -40 0 0 -1 0 1 0 1 0 0 5306.dat
1 0 -99 -112 0 0 0 1 0 1 0 -1 0 0 5306.dat
1 0 -140.0001 -135.9999 -50 0 0 -1 0 1 0 1 0 0 3021.dat
0 STEP
1 7 -189 -192 -40 0 0 1 0 1 0 -1 0 0 2838c01.dat
1 7 -190 -191.9998 40 0 0 1 0 1 0 -1 0 0 2838c01.dat
1 7 -245 -166 40 0 0 -1 0 1 0 1 0 0 4265a.dat
1 7 -245 -166 -40 0 0 -1 0 1 0 1 0 0 4265a.dat
0 STEP
1 0 180 -144.0001 0 0 0 1 0 1 0 -1 0 0 3795.dat
1 0 120 -144 -80 1 0 0 0 1 0 0 0 1 3738.dat
1 0 120 -143.9999 80 1 0 0 0 1 0 0 0 1 3738.dat
1 0 -100.0001 -143.9999 -80 1 0 0 0 1 0 0 0 1 3709B.dat
1 0 -100.0001 -143.9999 80 1 0 0 0 1 0 0 0 1 3709B.dat
1 0 -110 -143.9999 -1 1 0 0 0 1 0 0 0 1 3021.dat
0 STEP
1 14 80 -152 -100 1 0 0 0 1 0 0 0 1 2445.dat
1 14 80 -151.9999 100 1 0 0 0 1 0 0 0 1 2445.dat
1 0 -20.0001 -143.9999 -90 1 0 0 0 1 0 0 0 1 3710.dat
1 0 -20.0001 -143.9999 90 1 0 0 0 1 0 0 0 1 3710.dat
1 14 -140.0001 -151.9998 -99.9999 1 0 0 0 1 0 0 0 1 3832.dat
1 14 -140.0001 -151.9998 100.0001 1 0 0 0 1 0 0 0 1 3832.dat
1 0 -130.0001 -167.9998 -40 0 0 1 0 1 0 -1 0 0 3701.dat
1 0 -130.0001 -167.9998 40 0 0 1 0 1 0 -1 0 0 3701.dat
0 STEP
1 0 119.9999 -160.0001 0 0 0 -1 0 1 0 1 0 0 3832.dat
1 14 -180.0001 -175.9998 -89.9999 1 0 0 0 1 0 0 0 1 3894.dat
1 14 -180.0001 -175.9998 90.0001 1 0 0 0 1 0 0 0 1 3894.dat
1 14 -130.0001 -175.9998 -50 0 0 -1 0 1 0 1 0 0 3623.dat
1 14 -130.0001 -175.9999 0 0 0 -1 0 1 0 1 0 0 3023.dat
1 14 -130.0001 -175.9999 50 0 0 -1 0 1 0 1 0 0 3623.dat
1 0 169.9999 -152.0001 -70 0 0 -1 0 1 0 1 0 0 2420.dat
1 0 170 -152.0001 70 -1 0 0 0 1 0 0 0 -1 2420.dat
0 STEP
1 14 159.9999 -160.0001 0 0 0 -1 0 1 0 1 0 0 3738.dat
1 14 -130.0001 -183.9998 -90 0 0 -1 0 1 0 1 0 0 2420.dat
1 14 -180.0001 -183.9998 -90 1 0 0 0 1 0 0 0 1 3023.dat
1 14 -130.0001 -183.9998 90 -1 0 0 0 1 0 0 0 -1 2420.dat
1 14 -180.0001 -183.9998 90.0001 1 0 0 0 1 0 0 0 1 3023.dat
1 14 -220.0001 -183.9998 -89.9999 1 0 0 0 1 0 0 0 1 3023.dat
1 14 -220.0001 -183.9998 90.0001 1 0 0 0 1 0 0 0 1 3023.dat
0 STEP
1 0 189.9999 -152.0001 -60 0 0 -1 0 1 0 1 0 0 3023.dat
1 14 149.9999 -168.0001 0 1 0 0 0 1 0 0 0 1 3021.dat
1 0 129.9999 -184.0001 -70 0 0 -1 0 1 0 1 0 0 4286.dat
1 0 130 -184.0001 70 0 0 -1 0 1 0 1 0 0 4286.dat
1 14 139.9999 -168.0001 -40 1 0 0 0 1 0 0 0 1 3022.dat
1 14 140 -168.0001 40 1 0 0 0 1 0 0 0 1 3022.dat
1 14 -180.0001 -191.9998 -89.9999 1 0 0 0 1 0 0 0 1 3666.dat
1 14 -180.0001 -191.9998 90.0001 1 0 0 0 1 0 0 0 1 3666.dat
1 0 189.9999 -152.0001 60 0 0 -1 0 1 0 1 0 0 3023.dat
0 STEP
1 14 130 -184.0001 90 0 0 -1 0 1 0 1 0 0 4070.dat
1 14 130 -184.0001 -90 0 0 -1 0 1 0 1 0 0 4070.dat
1 14 129.9999 -192.0001 -70 -1 0 0 0 1 0 0 0 -1 2420.dat
1 14 129.9999 -192.0001 70 0 0 -1 0 1 0 1 0 0 2420.dat
1 14 110 -184.0001 0 0 0 1 0 1 0 -1 0 0 3702.dat
0 STEP
1 14 -190.0001 -199.9998 -80 1 0 0 0 1 0 0 0 1 3021.dat
1 14 -190.0001 -199.9998 80.0001 1 0 0 0 1 0 0 0 1 3021.dat
1 14 -230.0002 -199.9997 0 0 0 -1 0 1 0 1 0 0 4477.dat
1 14 -20 -160 -90 1 0 0 0 1 0 0 0 1 4477.dat
1 14 -20 -159.9999 90 1 0 0 0 1 0 0 0 1 4477.dat
1 14 -130.0001 -183.9999 0 0 0 -1 0 1 0 1 0 0 3666.dat
1 14 90 -160 0 0 0 -1 0 1 0 1 0 0 4477.dat
0 STEP
1 14 210 -144.0001 0 0 0 1 0 1 0 -1 0 0 4162.dat
1 14 189.9999 -152.0001 0 0 0 -1 0 1 0 1 0 0 2431.dat
1 14 40 -167.9999 -90 1 0 0 0 1 0 0 0 1 4162.dat
1 14 40 -167.9999 90 1 0 0 0 1 0 0 0 1 4162.dat
1 14 -80 -168 -90 1 0 0 0 1 0 0 0 1 2431.dat
1 14 -80 -167.9999 90 1 0 0 0 1 0 0 0 1 2431.dat
1 71 -210.0002 -199.9998 0 0 0 -1 0 1 0 1 0 0 3743.dat
1 14 -230.0002 -207.9998 0 0 0 1 0 1 0 -1 0 0 4162.dat
1 14 90 -168 0 0 0 -1 0 1 0 1 0 0 4162.dat
1 14 -130.0001 -191.9999 0 0 0 1 0 1 0 -1 0 0 4162.dat
1 14 -150.0001 -199.9999 -80.0055 0 0 -1 0 1 0 1 0 0 3069b.dat
1 14 -150.0001 -199.9998 79.9945 0 0 -1 0 1 0 1 0 0 3069b.dat
0 STEP
0 !LEOCAD GROUP BEGIN Right tread
1 72 52.7076 -99.8494 -130.7501 0 0 -1 0 1 0 1 0 0 57518.dat
1 72 22.7073 -99.8492 -131.2501 0 0 -1 0 1 0 1 0 0 57518.dat
1 72 -7.2932 -99.8492 -130.7502 0 0 -1 0 1 0 1 0 0 57518.dat
1 72 -37.2936 -99.8493 -130.5002 0 0 -1 0 1 0 1 0 0 57518.dat
1 72 -67.2939 -99.8493 -131.0001 0 0 -1 0 1 0 1 0 0 57518.dat
1 72 -97.2943 -99.8493 -130.5001 0 0 -1 0 1 0 1 0 0 57518.dat
1 72 -127.2947 -99.8493 -131.0001 0 0 -1 0 1 0 1 0 0 57518.dat
1 72 -157.295 -99.8494 -131.5001 0 0 -1 0 1 0 1 0 0 57518.dat
1 72 -187.2955 -99.8493 -131.0001 0 0 -1 0 1 0 1 0 0 57518.dat
1 72 -205.2502 -74.3513 -130.5001 0 0.829038 -0.559192 0 0.559192 0.829038 1 0 0 57518.dat
1 72 -195.0588 -45.0284 -131.0001 0 0.939693 0.34202 0 -0.342021 0.939693 1 0 0 57518.dat
1 72 -166.868 -34.7679 -130.5001 0 0.34202 0.939693 0 -0.939693 0.34202 1 0 0 57518.dat
1 72 -138.6772 -24.5073 -131 0 0.34202 0.939693 0 -0.939693 0.34202 1 0 0 57518.dat
1 72 -110.4862 -14.2467 -131.5 0 0.34202 0.939693 0 -0.939693 0.34202 1 0 0 57518.dat
1 72 -80 -14.1609 -131 0 0 1 0 -1 0 1 0 0 57518.dat
1 72 -50 -14.1609 -130.75 0 0 1 0 -1 0 1 0 0 57518.dat
1 72 -20 -14.1609 -130.25 0 0 1 0 -1 0 1 0 0 57518.dat
1 72 10 -14.1609 -129.75 0 0 1 0 -1 0 1 0 0 57518.dat
1 72 40 -14.1609 -129.5 0 0 1 0 -1 0 1 0 0 57518.dat
1 72 70 -14.1609 -130 0 0 1 0 -1 0 1 0 0 57518.dat
1 72 100 -14.1609 -129.5 0 0 1 0 -1 0 1 0 0 57518.dat
1 72 128.0187 -23.812 -131 0 -0.309017 0.951056 0 -0.951056 -0.309017 1 0 0 57518.dat
1 72 156.5516 -33.0829 -131.5 0 -0.309017 0.951056 0 -0.951056 -0.309017 1 0 0 57518.dat
1 72 185.0838 -42.3535 -131 0 -0.309017 0.951056 0 -0.951056 -0.309017 1 0 0 57518.dat
1 72 210.2184 -59.2693 -130.5 0 -0.559193 0.829037 0 -0.829037 -0.559193 1 0 0 57518.dat
1 72 202.1615 -89.6419 -130.9999 0 -0.956305 -0.292372 0 0.292372 -0.956305 1 0 0 57518.dat
1 72 172.7087 -99.8489 -130.4999 0 -0.309016 -0.951057 0 0.951057 -0.309016 1 0 0 57518.dat
1 72 142.7085 -99.8491 -130.9999 0 0 -1 0 1 0 1 0 0 57518.dat
1 72 112.7082 -99.8493 -131.4999 0 0 -1 0 1 0 1 0 0 57518.dat
1 72 82.7081 -99.8491 -130.9999 0 0 -1 0 1 0 1 0 0 57518.dat
0 !LEOCAD GROUP END
0 !LEOCAD GROUP BEGIN Left tread
1 72 52.7074 -98.4272 128.2499 0 0 -1 0 1 0 1 0 0 57518.dat
1 72 22.707 -98.4274 127.7499 0 0 -1 0 1 0 1 0 0 57518.dat
1 72 -7.2932 -98.4273 128.2499 0 0 -1 0 1 0 1 0 0 57518.dat
1 72 -37.2939 -98.4275 128.4999 0 0 -1 0 1 0 1 0 0 57518.dat
1 72 -67.294 -98.4274 128 0 0 -1 0 1 0 1 0 0 57518.dat
1 72 -97.2945 -98.4275 128.5 0 0 -1 0 1 0 1 0 0 57518.dat
1 72 -127.2948 -98.4274 128.75 0 0 -1 0 1 0 1 0 0 57518.dat
1 72 -157.2952 -98.4274 129 0 0 -1 0 1 0 1 0 0 57518.dat
1 72 -187.2955 -98.4274 129.2499 0 0 -1 0 1 0 1 0 0 57518.dat
1 72 -204.0713 -73.556 129.7499 0 0.829038 -0.559192 0 0.559192 0.829038 1 0 0 57518.dat
1 72 -193.7226 -45.5147 129.2499 0 0.939693 0.34202 0 -0.342021 0.939693 1 0 0 57518.dat
1 72 -166.3815 -36.104 128.7499 0 0.34202 0.939693 0 -0.939693 0.34202 1 0 0 57518.dat
1 72 -138.1908 -25.8434 129 0 0.34202 0.939693 0 -0.939693 0.34202 1 0 0 57518.dat
1 72 -109.9999 -15.5828 129.25 0 0.34202 0.939693 0 -0.939693 0.34202 1 0 0 57518.dat
1 72 -79.9999 -15.5828 128.75 0 0 1 0 -1 0 1 0 0 57518.dat
1 72 -50 -15.5828 129 0 0 1 0 -1 0 1 0 0 57518.dat
1 72 -20 -15.5828 128.5 0 0 1 0 -1 0 1 0 0 57518.dat
1 72 10 -15.5828 129 0 0 1 0 -1 0 1 0 0 57518.dat
1 72 40 -15.5828 129.25 0 0 1 0 -1 0 1 0 0 57518.dat
1 72 70 -15.5828 128.75 0 0 1 0 -1 0 1 0 0 57518.dat
1 72 100 -15.5828 129.25 0 0 1 0 -1 0 1 0 0 57518.dat
1 72 127.5793 -25.1644 128.5 0 -0.309017 0.951056 0 -0.951056 -0.309017 1 0 0 57518.dat
1 72 156.1116 -34.4349 128.75 0 -0.309017 0.951056 0 -0.951056 -0.309017 1 0 0 57518.dat
1 72 184.6451 -43.7059 129 0 -0.309017 0.951056 0 -0.951056 -0.309017 1 0 0 57518.dat
1 72 209.423 -60.4482 129.5 0 -0.559193 0.829037 0 -0.829037 -0.559193 1 0 0 57518.dat
1 72 200.8017 -89.2263 129 0 -0.956305 -0.292372 0 0.292372 -0.956305 1 0 0 57518.dat
1 72 172.2692 -98.4966 128.5 0 -0.309016 -0.951057 0 0.951057 -0.309016 1 0 0 57518.dat
1 72 142.7086 -98.4271 128.75 0 0 -1 0 1 0 1 0 0 57518.dat
1 72 112.7086 -98.4271 129 0 0 -1 0 1 0 1 0 0 57518.dat
1 72 82.7079 -98.427 128.5 0 0 -1 0 1 0 1 0 0 57518.dat
0 STEP
0 !LEOCAD GROUP END
1 14 143.9999 -174.0001 100 0 -1 0 0 0 -1 1 0 0 3023.dat
1 14 143.9999 -174.0001 -100 0 -1 0 0 0 -1 1 0 0 3023.dat
1 15 152 -176.0001 100 0 -1 0 0 0 1 -1 0 0 4150p01.dat
1 15 152 -176.0001 -100 0 -1 0 0 0 1 -1 0 0 4150p01.dat
1 7 -231 -182.3205 110 0 -0.866025 -0.5 0 0.5 -0.866025 1 0 0 4273b.dat
1 7 -221 -165 100 0 -0.866025 -0.5 0 0.5 -0.866025 1 0 0 3749.dat
1 7 -221.866 -164.5 116 -0.5 -0.866025 0 -0.866025 0.5 0 0 0 -1 4265a.dat
1 0 -239 -196.1769 110 -0.5 -0.866025 0 -0.866025 0.5 0 0 0 -1 3704.dat
1 148 -251 -216.9615 110 -0.866025 0.5 0 0.5 0.866025 0 0 0 -1 55525.dat
0 STEP
1 14 0 -200 -50 1 0 0 0 1 0 0 0 1 3702.dat
1 71 0 -168 -50 1 0 0 0 1 0 0 0 1 3710.dat
1 71 0 -176 -50 1 0 0 0 1 0 0 0 1 3710.dat
1 14 0 -200 50 1 0 0 0 1 0 0 0 1 3702.dat
1 71 0 -168 50 1 0 0 0 1 0 0 0 1 3710.dat
1 71 0 -176 50 1 0 0 0 1 0 0 0 1 3710.dat
0 STEP
1 0 0 -150 -40 0 0 -1 0 1 0 1 0 0 2780.dat
1 0 0 -190 -40 0 0 -1 0 1 0 1 0 0 2780.dat
1 0 0 -150 40 0 0 -1 0 1 0 1 0 0 2780.dat
1 0 0 -190 40 0 0 -1 0 1 0 1 0 0 2780.dat
1 7 11 -191 -30 0 -1 0 1 0 0 0 0 1 3894.dat
1 7 11 -191 30 0 -1 0 1 0 0 0 0 1 3894.dat
0 NOFILE
0 FILE Turret.ldr
0 !LEOCAD MODEL AUTHOR goeroeg
0 !LEOCAD MODEL BACKGROUND GRADIENT 0.176471 0.486275 0.701961 1 1 1
1 0 60 -8 -50 -1 0 0 0 1 0 0 0 -1 3710.dat
1 0 80 -16.0001 -50 -1 0 0 0 1 0 0 0 -1 3710.dat
1 0 -20 -16 50 -1 0 0 0 1 0 0 0 -1 3666.dat
1 0 -20 -8 50 -1 0 0 0 1 0 0 0 -1 3710.dat
1 0 80 -16 50 -1 0 0 0 1 0 0 0 -1 3710.dat
1 0 60 -8 50 -1 0 0 0 1 0 0 0 -1 3710.dat
1 0 -70 -8 0 0 0 -1 0 1 0 1 0 0 3666.dat
1 0 -20 -16 -50 -1 0 0 0 1 0 0 0 -1 3666.dat
1 0 -20 -8 -50 -1 0 0 0 1 0 0 0 -1 3710.dat
1 0 110 -8 0 0 0 -1 0 1 0 1 0 0 3666.dat
0 STEP
1 14 -20 -40.0001 -50 -1 0 0 0 1 0 0 0 -1 3895.dat
1 14 -20 -40 50 -1 0 0 0 1 0 0 0 -1 3895.dat
0 STEP
1 0 -70 -16 0 0 0 1 0 1 0 -1 0 0 3710.dat
1 14 110 -16.0001 -0.0056 0 0 -1 0 1 0 1 0 0 3069b.dat
1 0 120 -16.0001 -30 -1 0 0 0 1 0 0 0 -1 3023.dat
1 0 120 -16.0001 30 -1 0 0 0 1 0 0 0 -1 3023.dat
0 STEP
1 0 180 -40.0001 -10 -1 0 0 0 1 0 0 0 -1 3703.dat
1 71 59.75 -30.0671 29.5 0.866025 -0.5 0 0.5 0.866025 0 0 0 1 3650c.dat
1 71 59.75 -30.0671 -25 -0.866025 -0.5 0 -0.5 0.866025 0 0 0 -1 4185.dat
1 0 180 -40.0001 10 1 0 0 0 1 0 0 0 1 3703.dat
1 0 280 -30.0001 0 0 0 1 0 1 0 -1 0 0 2780.dat
1 0 59.75 -30.0671 0 0 -0.5 -0.866025 0 0.866025 -0.5 1 0 0 3706.dat
1 0 100 -30.0001 0 0 0 1 0 1 0 -1 0 0 2780.dat
1 71 39.6891 -30 -20 0 0 1 0 1 0 -1 0 0 4274.dat
1 71 80 -30.0001 -20 0 0 1 0 1 0 -1 0 0 4274.dat
1 7 59.75 -30.0671 -35 0.866025 -0.5 0 0.5 0.866025 0 0 0 1 4265a.dat
0 STEP
1 14 -70 -40 0 0 0 -1 0 1 0 1 0 0 3701.dat
1 14 110 -40 40 0 0 1 0 1 0 -1 0 0 3700.dat
1 14 110 -40.0001 -40 0 0 1 0 1 0 -1 0 0 3700.dat
0 STEP
1 0 140 -40.0001 -30 -1 0 0 0 1 0 0 0 -1 3700.dat
1 4 150 -48 -50 1 0 0 0 1 0 0 0 1 2450.dat
1 4 130 -72.0001 -30 0 0 -1 0 1 0 1 0 0 3040B.dat
1 0 140 -40.0001 30 -1 0 0 0 1 0 0 0 -1 3700.dat
1 4 150 -48 50 0 0 -1 0 1 0 1 0 0 2450.dat
1 4 130 -72.0001 30 0 0 -1 0 1 0 1 0 0 3040B.dat
0 STEP
1 14 40 -48.0001 -60 -1 0 0 0 1 0 0 0 -1 3709B.dat
1 14 20 -48 60 0 0 -1 0 1 0 1 0 0 3022.dat
1 14 -70 -48 0 0 0 -1 0 1 0 1 0 0 3460.dat
0 STEP
1 14 20 -72.0001 -70 -1 0 0 0 1 0 0 0 -1 3702.dat
1 14 20 -72 70 -1 0 0 0 1 0 0 0 -1 3702.dat
1 14 -70 -72 0 0 0 1 0 1 0 -1 0 0 3702.dat
0 STEP
1 14 -30 -48.0001 -70 -1 0 0 0 1 0 0 0 -1 3623.dat
1 14 60 -48 70 -1 0 0 0 1 0 0 0 -1 3023.dat
1 14 -30 -48 70 -1 0 0 0 1 0 0 0 -1 3623.dat
1 14 100 -48.0001 -70 -1 0 0 0 1 0 0 0 -1 3023.dat
1 14 100 -48 70 -1 0 0 0 1 0 0 0 -1 3023.dat
0 STEP
1 14 110 -48 50 -1 0 0 0 1 0 0 0 -1 2420.dat
1 14 110 -48 -50 0 0 -1 0 1 0 1 0 0 2420.dat
1 14 130 -72.0001 -50 0 0 -1 0 1 0 1 0 0 3005.dat
1 14 120 -72.0001 -70 -1 0 0 0 1 0 0 0 -1 3700.dat
1 14 130 -72.0001 50 0 0 -1 0 1 0 1 0 0 3005.dat
1 14 120 -72.0001 70 -1 0 0 0 1 0 0 0 -1 3700.dat
1 14 -30 -48 40 0 0 -1 0 1 0 1 0 0 3023.dat
0 STEP
1 0 110 -72 40 0 0 -1 0 1 0 1 0 0 3700.dat
1 14 -30 -72 40 0 0 1 0 1 0 -1 0 0 3700.dat
1 71 90 -62.0171 40.1294 0 0 -1 -0.258819 0.965926 0 0.965926 0.258819 0 3713.dat
1 0 60 -62.6294 40.483 0 0 -1 -0.965926 -0.258819 0 -0.258819 0.965926 0 4716.dat
1 71 30 -62.0171 40.1295 0 0 1 0.258819 0.965926 0 -0.965926 0.258819 0 3713.dat
1 71 10 -62.0171 40.1294 0 0 -1 -0.258819 0.965926 0 0.965926 0.258819 0 3713.dat
1 71 -10 -62.0171 40.1295 0 0 1 0.258819 0.965926 0 -0.965926 0.258819 0 3713.dat
1 71 -50 -62.0171 40.1294 0 0 -1 -0.258819 0.965926 0 0.965926 0.258819 0 3647.dat
1 0 20 -62.0171 40.1294 1 0 0 0 0.965926 -0.258819 0 0.258819 0.965926 3737.dat
1 0 110 -72.0001 -40 0 0 -1 0 1 0 1 0 0 3700.dat
0 STEP
1 0 -100 -48 50 0 0 -1 0 1 0 1 0 0 3021.dat
1 0 -100 -72 70.0001 -1 0 0 0 1 0 0 0 -1 3700.dat
1 0 -100 -72.0001 -70 -1 0 0 0 1 0 0 0 -1 3700.dat
1 0 -100 -48.0001 -50 0 0 -1 0 1 0 1 0 0 3021.dat
1 14 130 -80 -60 0 0 -1 0 1 0 1 0 0 3023.dat
1 14 130 -80 60 0 0 -1 0 1 0 1 0 0 3023.dat
1 0 -30 -80 40 0 0 -1 0 1 0 1 0 0 3023.dat
0 STEP
1 0 -20.0001 -80 -70 -1 0 0 0 1 0 0 0 -1 4477.dat
1 0 -20 -80 70 -1 0 0 0 1 0 0 0 -1 4477.dat
1 0 110 -80 70 -1 0 0 0 1 0 0 0 -1 2420.dat
1 0 120 -80 0 0 0 -1 0 1 0 1 0 0 3709B.dat
1 0 110 -80.0001 -70 0 0 -1 0 1 0 1 0 0 2420.dat
1 0 -160 -48 40 -1 0 0 0 1 0 0 0 -1 3709B.dat
1 0 -160 -72 50 -1 0 0 0 1 0 0 0 -1 3894.dat
1 0 -160 -72.0001 -50 -1 0 0 0 1 0 0 0 -1 3894.dat
1 0 -160 -48.0001 -40 -1 0 0 0 1 0 0 0 -1 3709B.dat
0 STEP
1 0 -140 -62 0 1 0 0 0 1 0 0 0 1 3737.dat
1 71 -50.5 -62 0 0 0 1 0 1 0 -1 0 0 3650c.dat
0 STEP
1 0 20 -88 60 -1 0 0 0 1 0 0 0 -1 3795.dat
1 0 -70 -80 0 0 0 -1 0 1 0 1 0 0 3666.dat
1 0 20 -88 -59.9999 -1 0 0 0 1 0 0 0 -1 3795.dat
1 0 -120 -80 0 0 0 -1 0 1 0 1 0 0 3795.dat
1 0 -160 -80 0 0 0 -1 0 1 0 1 0 0 3795.dat
1 14 -200 -80 0 0 0 -1 0 1 0 1 0 0 3795.dat
1 0 -50.0001 -88 -60 0 0 -1 0 1 0 1 0 0 3023.dat
1 0 -50 -88 60.0001 0 0 -1 0 1 0 1 0 0 3023.dat
1 0 -10 -88 0 0 0 -1 0 1 0 1 0 0 3710.dat
1 0 -10 -80 0 0 0 -1 0 1 0 1 0 0 3666.dat
1 14 -210 -72 0 0 0 -1 0 1 0 1 0 0 3701.dat
0 STEP
1 0 -220 -48 0 0 0 -1 0 1 0 1 0 0 3709B.dat
1 14 -230 -62.5 -60 0 1 0 -1 0 0 0 0 1 2825.dat
0 STEP
1 0 -80 -88 0 0 0 -1 0 1 0 1 0 0 3738.dat
1 4 100 -88 0 0 0 -1 0 1 0 1 0 0 3738.dat
1 4 130 -88 0 0 0 -1 0 1 0 1 0 0 3710.dat
1 14 -40 -96 -49.9999 -1 0 0 0 1 0 0 0 -1 3023.dat
1 14 -40 -96 50.0001 -1 0 0 0 1 0 0 0 -1 3023.dat
0 STEP
1 0 -70 -96 0 0 0 -1 0 1 0 1 0 0 3666.dat
1 14 40 -96 0 0 0 -1 0 1 0 1 0 0 3958.dat
1 0 110 -96 0 0 0 -1 0 1 0 1 0 0 3710.dat
1 14 20 -96 70.0001 1 0 0 0 1 0 0 0 1 4162.dat
1 14 20 -96 -70 1 0 0 0 1 0 0 0 1 4162.dat
1 0 -110 -88 0.0001 0 0 -1 0 1 0 1 0 0 4162.dat
0 STEP
1 14 100 -104 0 0 0 -1 0 1 0 1 0 0 3709B.dat
1 71 -90 -96 0 0 0 -1 0 1 0 1 0 0 3743.dat
1 14 -40 -104 0 0 0 -1 0 1 0 1 0 0 3031.dat
1 4 350 -16.0001 0 1 0 0 0 1 0 0 0 1 3021.dat
1 4 370 -40.0001 0 0 0 -1 0 1 0 1 0 0 3700.dat
1 4 350 -48.0001 0 1 0 0 0 1 0 0 0 1 3021.dat
0 NOFILE
