0 !LEOCAD MODEL AUTHOR goeroeg
1 14 90 -8 -140 0 0 -1 0 1 0 1 0 0 3460.dat
1 14 90 -8 100 0 0 1 0 1 0 -1 0 0 3460.dat
1 14 -90 -8 -140 0 0 1 0 1 0 -1 0 0 3460.dat
1 14 -90 -8 0 0 0 -1 0 1 0 1 0 0 3666.dat
1 14 -90 -8 120 0 0 1 0 1 0 -1 0 0 3666.dat
1 14 90 -8 -20 0 0 -1 0 1 0 1 0 0 3710.dat
1 14 90 -32 -20 0 0 1 0 1 0 -1 0 0 3703.dat
1 14 90.1222 -151.9989 -60 0 0 1 0 1 0 -1 0 0 3703.dat
1 14 -90 -152 -60 0 0 1 0 1 0 -1 0 0 3703.dat
1 14 -90 -32 -20 0 0 1 0 1 0 -1 0 0 3703.dat
1 0 80 -22 -100 1 0 0 0 1 0 0 0 1 4459.dat
1 0 60 -102 -100 1 0 0 0 1 0 0 0 1 4459.dat
1 0 40 -78 -100 1 0 0 0 -0.5 -0.866025 0 0.866025 -0.5 4459.dat
1 0 -60 -102 -100 1 0 0 0 1 0 0 0 1 4459.dat
1 0 80 -142 -100 1 0 0 0 1 0 0 0 1 4459.dat
0 !LEOCAD GROUP BEGIN Front
1 0 80 -142 -200 1 0 0 0 0.650775 -0.759271 0 0.759271 0.650775 4459.dat
1 0 60 -293.8578 -69.8423 1 0 0 0 0.650775 -0.759271 0 0.759271 0.650775 4459.dat
0 !LEOCAD GROUP END
0 !LEOCAD GROUP BEGIN Middle
1 0 60 -317.5132 113.9513 1 0 0 0 0.069756 -0.997564 0 0.997564 0.069756 4459.dat
0 !LEOCAD GROUP END
0 !LEOCAD GROUP BEGIN Front
1 0 -60 -293.8578 -69.8423 1 0 0 0 0.650775 -0.759271 0 0.759271 0.650775 4459.dat
0 !LEOCAD GROUP END
0 !LEOCAD GROUP BEGIN Middle
1 0 -60 -317.5132 113.9513 1 0 0 0 0.069756 -0.997564 0 0.997564 0.069756 4459.dat
1 0 80 -118 100 1 0 0 0 0.997564 0.069756 0 -0.069756 0.997564 4459.dat
0 !LEOCAD GROUP END
1 0 100 -118 60 1 0 0 0 1 0 0 0 1 4459.dat
0 !LEOCAD GROUP BEGIN Top
0 !LEOCAD GROUP BEGIN top
1 0 40 -294 214 1 0 0 0 1 0 0 0 1 4459.dat
1 0 40 -294 374 1 0 0 0 1 0 0 0 1 4459.dat
1 0 -40 -294 374 1 0 0 0 1 0 0 0 1 4459.dat
1 0 40 -294 414 1 0 0 0 1 0 0 0 1 4459.dat
1 0 -40 -294 414 1 0 0 0 1 0 0 0 1 4459.dat
1 0 -40 -294 214 1 0 0 0 1 0 0 0 1 4459.dat
0 !LEOCAD GROUP END
0 !LEOCAD GROUP END
0 !LEOCAD GROUP BEGIN back
1 0 60 -294.2137 397.6066 1 0 0 0 0.777147 -0.629319 0 0.629319 0.777147 4459.dat
1 0 -60 -294.2137 397.6066 1 0 0 0 0.777147 -0.629319 0 0.629319 0.777147 4459.dat
0 !LEOCAD GROUP END
1 0 -80 -118 100 1 0 0 0 1 0 0 0 1 4459.dat
1 0 -100 -118 60 1 0 0 0 1 0 0 0 1 4459.dat
0 !LEOCAD GROUP BEGIN Middle
1 0 -80 -118 100 1 0 0 0 0.997564 0.069756 0 -0.069756 0.997564 4459.dat
0 !LEOCAD GROUP END
0 !LEOCAD GROUP BEGIN Front
1 0 -80 -142 -200 1 0 0 0 0.759271 0.650775 0 -0.650775 0.759271 4459.dat
0 !LEOCAD GROUP END
1 0 -80 -22 -100 1 0 0 0 1 0 0 0 1 4459.dat
1 0 -80 -142 -100 1 0 0 0 1 0 0 0 1 4459.dat
1 0 -40 -142 -80 0 0 1 0 1 0 -1 0 0 4459.dat
1 0 40 -142 -80 0 0 1 0 1 0 -1 0 0 4459.dat
1 0 20 -142 -100 0 0 1 0 1 0 -1 0 0 4459.dat
1 0 -20 -142 -100 0 0 1 0 1 0 -1 0 0 4459.dat
1 0 80 -22 -20 1 0 0 0 1 0 0 0 1 4459.dat
1 0 80 -142 -20 1 0 0 0 1 0 0 0 1 4459.dat
1 0 -80 -22 -20 1 0 0 0 1 0 0 0 1 4459.dat
1 0 -80 -142 -20 1 0 0 0 1 0 0 0 1 4459.dat
1 14 -70 -82 -110 0 0 1 1 0 0 0 1 0 3702.dat
1 14 70 -82 -110 0 0 1 1 0 0 0 1 0 3702.dat
1 14 -69.8778 -88.9989 -30 0 0 1 1 0 0 0 1 0 3702.dat
1 14 70 -82 -30 0 0 1 1 0 0 0 1 0 3702.dat
1 14 -50 -112 -100 0 0 1 0 1 0 -1 0 0 3700.dat
1 14 50 -112 -100 0 0 1 0 1 0 -1 0 0 3700.dat
1 14 50 -88 -20 0 0 1 0 1 0 -1 0 0 3895.dat
1 14 -50 -88 -20 0 0 1 0 1 0 -1 0 0 3895.dat
1 14 40 -96 0 0 0 1 0 1 0 -1 0 0 3738.dat
1 14 -20 -96 -60 -1 0 0 0 1 0 0 0 -1 3709b.dat
1 14 -20 -96 20 -1 0 0 0 1 0 0 0 -1 3709b.dat
1 14 0 -104 -70 -1 0 0 0 1 0 0 0 -1 4477.dat
1 14 0 -104 50 -1 0 0 0 1 0 0 0 -1 4477.dat
1 14 0 -136 130 -1 0 0 0 1 0 0 0 -1 4477.dat
1 14 0 -168 70 -1 0 0 0 1 0 0 0 -1 4477.dat
1 14 0 -128 -70 -1 0 0 0 1 0 0 0 -1 2730.dat
1 7 -19.8778 -150.9989 -10 -1 0 0 0 1 0 0 0 -1 2838c01.dat
1 14 -50 -96 -20 0 0 1 0 1 0 -1 0 0 3023.dat
1 7 -20 -126 45 1 0 0 0 1 0 0 0 1 4265a.dat
1 7 -20 -150 205 0.866025 0.5 0 -0.5 0.866025 0 0 0 1 4265a.dat
1 7 20 -150 45 1 0 0 0 1 0 0 0 1 4265a.dat
1 7 -20 -126 53 0 -1 0 -1 0 0 0 0 -1 4265a.dat
1 7 -20 -150 213 -0.5 -0.866025 0 -0.866025 0.5 0 0 0 -1 4265a.dat
1 0 90 -128 120 0 0 1 0 1 0 -1 0 0 3702.dat
1 0 -90 -128 120 0 0 1 0 1 0 -1 0 0 3702.dat
1 0 90 -160 80 0 0 1 0 1 0 -1 0 0 3710.dat
1 0 -90 -160 80 0 0 1 0 1 0 -1 0 0 3710.dat
1 14 90 -152 110 0 0 1 0 1 0 -1 0 0 3005.dat
1 14 -90 -152 110 0 0 1 0 1 0 -1 0 0 3005.dat
1 14 0 -160 130 -1 0 0 0 1 0 0 0 -1 3702.dat
1 14 0 -160 70 -1 0 0 0 1 0 0 0 -1 3702.dat
1 0 20 -150 100 0 0 1 0 1 0 -1 0 0 3706.dat
1 7 20 -150 55 1 0 0 0 1 0 0 0 1 4185.dat
1 7 20 -150 110 1 0 0 0 1 0 0 0 1 3647.dat
1 7 20 -150 90 1 0 0 0 1 0 0 0 1 3713.dat
1 7 -20 -150 90 0.866025 0.5 0 -0.5 0.866025 0 0 0 1 3713.dat
1 7 -20 -150 150 0.866025 0.5 0 -0.5 0.866025 0 0 0 1 3713.dat
1 7 20 -150 150 -1 0 0 0 1 0 0 0 -1 3713.dat
1 0 -20 -150 140 0 0.5 -0.866025 0 0.866025 0.5 1 0 0 3707.dat
1 0 -20 -150 180 -0.866025 0.5 0 0.5 0.866025 0 0 0 -1 4716.dat
1 7 -20 -150 110 -0.866025 0.5 0 0.5 0.866025 0 0 0 -1 3648a.dat
1 14 0 -160 -20 -1 0 0 0 1 0 0 0 -1 3795.dat
1 14 0 -160 20 -1 0 0 0 1 0 0 0 -1 3832.dat
1 14 0 -160 -60 -1 0 0 0 1 0 0 0 -1 3832.dat
1 14 0.1222 -158.9989 -70 -1 0 0 0 1 0 0 0 -1 3702.dat
1 4 0 -152 -90 -1 0 0 0 1 0 0 0 -1 3894.dat
1 4 0 -152 -110 -1 0 0 0 1 0 0 0 -1 3894.dat
1 14 0 -160 -120 0 0 -1 0 1 0 1 0 0 3709b.dat
1 4 0 -160 -110 1 0 0 0 1 0 0 0 1 2717.dat
1 7 0 -184 -150 1 0 0 0 1 0 0 0 1 3700.dat
1 7 0 -208 -150 1 0 0 0 1 0 0 0 1 3700.dat
1 7 0 -232 -150 1 0 0 0 1 0 0 0 1 3701.dat
1 0 -20 -96 -20 1 0 0 0 1 0 0 0 1 5306.dat
0 !LEOCAD GROUP BEGIN Front
1 14 -70 -224.4367 -142.5142 0 0 1 0.759271 0.650775 0 -0.650775 0.759271 0 3895.dat
0 !LEOCAD GROUP END
0 !LEOCAD GROUP BEGIN Middle
1 14 -70 -218.4542 97 0 0 1 0.997564 0.069756 0 -0.069756 0.997564 0 3895.dat
0 !LEOCAD GROUP END
0 !LEOCAD GROUP BEGIN Front
1 14 70 -224.4367 -142.5142 0 0 1 0.759271 0.650775 0 -0.650775 0.759271 0 3895.dat
0 !LEOCAD GROUP END
0 !LEOCAD GROUP BEGIN Middle
1 14 70 -218.4542 97 0 0 1 0.997564 0.069756 0 -0.069756 0.997564 0 3895.dat
0 !LEOCAD GROUP END
0 !LEOCAD GROUP BEGIN Front
1 4 0 -153.7143 -213.6669 1 0 0 0 0.650775 -0.759271 0 0.759271 0.650775 3738.dat
1 14 0 -141.0633 -213.8542 1 -0.000009 -0.00061 -0.000454 0.656063 -0.754706 0.000407 0.754707 0.656062 3894.dat
1 0 0 -176.4927 -194.1434 1 0 0 0 0.650775 -0.759271 0 0.759271 0.650775 4162.dat
1 15 60 -158.9207 -219.7414 1 0 0 0 0.650775 -0.759271 0 0.759271 0.650775 4150p01.dat
1 15 -60 -158.9207 -219.7414 1 0 0 0 0.650775 -0.759271 0 0.759271 0.650775 4150p01.dat
0 !LEOCAD GROUP END
0 !LEOCAD GROUP BEGIN back
0 !LEOCAD GROUP BEGIN Backdoor
1 0 0 -118 180 -1 0 0 0 0.891006 -0.453992 0 -0.453992 -0.891006 3737.dat
0 !LEOCAD GROUP END
1 0 70 -213.8787 282.5098 0 0 1 0.629319 0.777147 0 -0.777147 0.629319 0 3703.dat
1 0 -70 -213.8787 282.5098 0 0 1 0.629319 0.777147 0 -0.777147 0.629319 0 3703.dat
0 !LEOCAD GROUP BEGIN Backdoor
1 14 50 -81.5094 273.6442 0 0 1 -0.453992 0.891006 0 -0.891006 -0.453992 0 3895.dat
1 14 -50 -81.5094 273.6442 0 0 1 -0.453992 0.891006 0 -0.891006 -0.453992 0 3895.dat
1 14 0 -51.0443 280.5688 0 0 1 -0.453992 0.891006 0 -0.891006 -0.453992 0 3958.dat
1 7 35 -117.1089 179.546 0 0 -1 -0.891006 0.453992 0 0.453992 0.891006 0 4185.dat
1 7 40 -108.9197 197.8206 -1 0 0 0 0.891006 -0.453992 0 -0.453992 -0.891006 32002.dat
1 7 -32 -118 180 0 0 1 -0.891006 -0.453992 0 0.453992 -0.891006 0 3650a.dat
0 !LEOCAD GROUP END
0 !LEOCAD GROUP END
0 !LEOCAD GROUP BEGIN Top
0 !LEOCAD GROUP BEGIN top
1 0 50 -304 74 0 0 1 0 1 0 -1 0 0 3703.dat
1 0 -50 -304 74 0 0 1 0 1 0 -1 0 0 3703.dat
1 0 50 -304 434 0 0 1 0 1 0 -1 0 0 3702.dat
1 0 -50 -304 434 0 0 1 0 1 0 -1 0 0 3702.dat
1 0 30 -304 314 0 0 1 0 1 0 -1 0 0 3895.dat
1 0 -30 -304 314 0 0 1 0 1 0 -1 0 0 3895.dat
0 !LEOCAD GROUP END
1 14 50 -328 494 0 0 1 0 1 0 -1 0 0 3894.dat
1 14 0 -336 4 1 0 0 0 1 0 0 0 1 3894.dat
1 14 -50 -328 494 0 0 1 0 1 0 -1 0 0 3894.dat
1 0 0 -328 224 1 0 0 0 1 0 0 0 1 3894.dat
0 !LEOCAD GROUP BEGIN Right Rotor
1 0 0 -360 144 1 0 0 0 1 0 0 0 1 3894.dat
1 0 50 -328 154 0 0 1 0 1 0 -1 0 0 3894.dat
0 !LEOCAD GROUP END
1 0 -50 -328 154 0 0 1 0 1 0 -1 0 0 3894.dat
0 !LEOCAD GROUP BEGIN Right Rotor
1 0 50 -336 174 0 0 1 0 1 0 -1 0 0 3666.dat
0 !LEOCAD GROUP END
1 0 -50 -336 174 0 0 1 0 1 0 -1 0 0 3666.dat
1 0 0 -336 224 1 0 0 0 1 0 0 0 1 3710.dat
1 0 -50 -368 174 0 0 1 0 1 0 -1 0 0 3710.dat
1 0 50 -368 174 0 0 1 0 1 0 -1 0 0 3710.dat
1 0 20 -360 204 1 0 0 0 1 0 0 0 1 3702.dat
1 0 0 -312 4 1 0 0 0 1 0 0 0 1 3666.dat
1 0 0 -312 84 1 0 0 0 1 0 0 0 1 3666.dat
1 0 0 -328 84 1 0 0 0 1 0 0 0 1 3666.dat
1 0 0 -328 24 1 0 0 0 1 0 0 0 1 3666.dat
1 0 0 -360 24 1 0 0 0 1 0 0 0 1 3666.dat
1 0 0 -360 84 1 0 0 0 1 0 0 0 1 3666.dat
1 0 0 -272 204 1 0 0 0 1 0 0 0 1 3666.dat
1 0 100 -328 54 -1 0 0 0 1 0 0 0 -1 3795.dat
1 0 100 -360 54 -1 0 0 0 1 0 0 0 -1 3795.dat
1 0 -100 -360 54 -1 0 0 0 1 0 0 0 -1 3795.dat
1 0 -100 -328 54 -1 0 0 0 1 0 0 0 -1 3795.dat
1 0 40 -312 44 0 0 1 0 1 0 -1 0 0 3021.dat
1 0 -40 -312 44 0 0 1 0 1 0 -1 0 0 3021.dat
1 0 50 -320 54 0 0 1 0 1 0 -1 0 0 3710.dat
1 0 0 -320 84 1 0 0 0 1 0 0 0 1 3710.dat
1 0 -50 -320 54 0 0 1 0 1 0 -1 0 0 3710.dat
1 7 0 -304 44 -1 0 0 0 1 0 0 0 -1 2838c01.dat
1 0 0 -312 34 -1 0 0 0 1 0 0 0 -1 3022.dat
1 0 0 -320 34 -1 0 0 0 1 0 0 0 -1 3709b.dat
1 0 0 -352 84 1 0 0 0 1 0 0 0 1 3701.dat
1 0 0 -352 24 1 0 0 0 1 0 0 0 1 3701.dat
1 0 50 -352 54 0 0 1 0 1 0 -1 0 0 3701.dat
1 0 -50 -352 54 0 0 1 0 1 0 -1 0 0 3701.dat
1 0 150 -352 54 0 0 -1 0 1 0 1 0 0 3700.dat
1 0 -150 -352 54 0 0 -1 0 1 0 1 0 0 3700.dat
1 0 120 -368 54 -1 0 0 0 1 0 0 0 -1 3738.dat
1 0 -120 -368 54 -1 0 0 0 1 0 0 0 -1 3738.dat
1 0 -40 -368 24 1 0 0 0 1 0 0 0 1 3023.dat
1 0 -40 -368 84 1 0 0 0 1 0 0 0 1 3023.dat
1 0 40 -368 24 1 0 0 0 1 0 0 0 1 3023.dat
1 0 40 -368 84 1 0 0 0 1 0 0 0 1 3023.dat
1 0 160 -376 54 -1 0 0 0 1 0 0 0 -1 3709b.dat
1 0 -160 -376 54 -1 0 0 0 1 0 0 0 -1 3709b.dat
0 !LEOCAD GROUP BEGIN Left Rotor
1 0 180 -382 54 0 1 0 1 0 0 0 0 -1 4519.dat
0 !LEOCAD GROUP END
0 !LEOCAD GROUP BEGIN Right Rotor
1 0 -180 -382 54 0 1 0 1 0 0 0 0 -1 4519.dat
0 !LEOCAD GROUP END
0 !LEOCAD GROUP BEGIN Left Rotor
1 7 180 -360 54 0 1 0 0 0 -1 -1 0 0 4143.dat
0 !LEOCAD GROUP END
1 7 163 -342 54 0 0 -1 -1 0 0 0 1 0 4143.dat
1 7 -163.3334 -342 53.9999 0 0 1 -1 0 0 0 -1 0 4143.dat
0 !LEOCAD GROUP BEGIN Right Rotor
1 7 -180 -360 54 0 1 0 0 0 -1 -1 0 0 4143.dat
0 !LEOCAD GROUP END
0 !LEOCAD GROUP BEGIN Left Rotor
1 7 180 -385 54 0 1 0 0 0 -1 -1 0 0 4265a.dat
0 !LEOCAD GROUP END
0 !LEOCAD GROUP BEGIN Right Rotor
1 7 -180 -385 54 0 1 0 0 0 -1 -1 0 0 4265a.dat
0 !LEOCAD GROUP END
0 !LEOCAD GROUP BEGIN Left Rotor
1 7 180 -395 54 -1 0 0 0 0 -1 0 -1 0 4185.dat
0 !LEOCAD GROUP END
0 !LEOCAD GROUP BEGIN Right Rotor
1 7 -180 -395 54 -1 0 0 0 0 -1 0 -1 0 4185.dat
0 !LEOCAD GROUP END
0 !LEOCAD GROUP BEGIN Left Rotor
1 0 180 -408 54 0 0 -1 0 1 0 1 0 0 3709b.dat
0 !LEOCAD GROUP END
0 !LEOCAD GROUP BEGIN Right Rotor
1 0 -180 -408 54 0 0 -1 0 1 0 1 0 0 3709b.dat
0 !LEOCAD GROUP END
0 !LEOCAD GROUP BEGIN Left Rotor
1 7 180 -400 34 0 0 -1 1 0 0 0 -1 0 32002.dat
0 !LEOCAD GROUP END
0 !LEOCAD GROUP BEGIN Right Rotor
1 7 -180 -400 34 0 0 -1 1 0 0 0 -1 0 32002.dat
0 !LEOCAD GROUP END
0 !LEOCAD GROUP BEGIN Left Rotor
1 7 180 -400 74 0 0 -1 1 0 0 0 -1 0 32002.dat
0 !LEOCAD GROUP END
0 !LEOCAD GROUP BEGIN Right Rotor
1 7 -180 -400 74 0 0 -1 1 0 0 0 -1 0 32002.dat
0 !LEOCAD GROUP END
0 !LEOCAD GROUP BEGIN Left Rotor
1 14 180 -416 134 0 0 -1 0 1 0 1 0 0 3738.dat
0 !LEOCAD GROUP END
0 !LEOCAD GROUP BEGIN Right Rotor
1 14 -180 -416 134 0 0 -1 0 1 0 1 0 0 3738.dat
0 !LEOCAD GROUP END
0 !LEOCAD GROUP BEGIN Left Rotor
1 14 180 -416 -26 0 0 -1 0 1 0 1 0 0 3738.dat
0 !LEOCAD GROUP END
0 !LEOCAD GROUP BEGIN Right Rotor
1 14 -180 -416 -26 0 0 -1 0 1 0 1 0 0 3738.dat
0 !LEOCAD GROUP END
1 0 91 -342 54 -1 0 0 0 0 -1 0 -1 0 3707.dat
1 0 -92.3333 -342 53.9999 1 0 0 0 0 -1 0 1 0 3707.dat
1 7 30 -342 54 0 0 -1 1 0 0 0 -1 0 3647.dat
1 7 -30.3333 -342 53.9999 0 0 1 1 0 0 0 1 0 3647.dat
1 0 0 -342 64 0 0 -1 0 1 0 1 0 0 3705.dat
1 7 0 -342 99 1 0 0 0 1 0 0 0 1 4185.dat
1 7 0 -342 66 -1 0 0 0 1 0 0 0 -1 3650a.dat
1 7 0 -278 99 1 0 0 0 1 0 0 0 1 4265a.dat
1 0 0 -248 14 0 0 -1 0 1 0 1 0 0 5306.dat
1 7 10 -280 154 0 0 -1 0 1 0 1 0 0 2838c01.dat
1 0 10 -224 154 1 0 0 0 1 0 0 0 1 5306.dat
1 0 0 -312 414 1 0 0 0 1 0 0 0 1 3795.dat
1 0 0 -280 214 1 0 0 0 1 0 0 0 1 3795.dat
1 0 0 -294 174 1 0 0 0 1 0 0 0 1 3707.dat
1 0 -20 -318 154 1 0 0 0 1 0 0 0 1 3707.dat
1 7 65 -294 174 0 0 1 0 1 0 -1 0 0 4185.dat
1 7 65 -254 154 0 0 1 0 1 0 -1 0 0 4265a.dat
1 7 -70 -294 174 0 0 1 0 1 0 -1 0 0 4019.dat
1 7 -70 -318 154 0 0 1 0 1 0 -1 0 0 3647.dat
1 7 -90 -318 154 0 0 1 0 1 0 -1 0 0 3713.dat
1 7 -30 -318 154 0 0 1 0 1 0 -1 0 0 3713.dat
1 7 30 -318 154 0 0 -1 0 1 0 1 0 0 3713.dat
1 0 0 -318 154 0 0 -1 0 1 0 1 0 0 4716.dat
1 0 0 -350 174 0 0 -1 0 1 0 1 0 0 3705.dat
1 7 0 -350 166 -1 0 0 0 1 0 0 0 -1 3650a.dat
1 15 0 -350 184 1 0 0 0 1 0 0 0 1 3482.dat
1 4 0 -272 224 1 0 0 0 1 0 0 0 1 3702.dat
1 4 0 -248 224 1 0 0 0 1 0 0 0 1 3702.dat
1 4 60 -224 204 0 0 1 0 1 0 -1 0 0 3021.dat
1 4 -60 -224 204 0 0 1 0 1 0 -1 0 0 3021.dat
1 0 -40 -224 144 0 0 1 0 1 0 -1 0 0 3021.dat
1 14 0 -224 204 0 0 1 0 1 0 -1 0 0 3021.dat
1 0 -50 -232 154 0 0 1 0 1 0 -1 0 0 3710.dat
1 0 -50 -256 154 0 0 1 0 1 0 -1 0 0 3701.dat
1 0 -50 -280 154 0 0 1 0 1 0 -1 0 0 3701.dat
1 14 0 -232 204 1 0 0 0 1 0 0 0 1 4162.dat
1 14 140 -264 204 1 0 0 0 1 0 0 0 1 4162.dat
1 0 40 -256 204 1 0 0 0 1 0 0 0 1 3895.dat
1 0 -50 -360 174 0 0 1 0 1 0 -1 0 0 3700.dat
1 4 180 -256 204 1 0 0 0 1 0 0 0 1 3700.dat
1 4 210 -256 194 0 0 1 0 1 0 -1 0 0 3700.dat
1 14 -20 -264 204 1 0 0 0 1 0 0 0 1 2431.dat
1 14 -70 -264 204 1 0 0 0 1 0 0 0 1 3024.dat
1 14 200 -264 184 1 0 0 0 1 0 0 0 1 3069b.dat
1 0 90 -368 204 -1 0 0 0 1 0 0 0 -1 2420.dat
1 7 80 -350 194 0 0 1 0 1 0 -1 0 0 3749.dat
1 7 180 -246 194 0 0 1 0 1 0 -1 0 0 3749.dat
1 7 80 -350 189 -1 0 0 0 1 0 0 0 -1 4265a.dat
1 7 180 -246 189 -1 0 0 0 1 0 0 0 -1 4265a.dat
1 7 80 -350 181 1 0 0 0 1 0 0 0 1 4265a.dat
1 7 180 -246 181 1 0 0 0 1 0 0 0 1 4265a.dat
1 0 180 -232 204 1 0 0 0 1 0 0 0 1 3710.dat
1 14 0 -336 514 1 0 0 0 1 0 0 0 1 2445.dat
1 14 0 -336 554 1 0 0 0 1 0 0 0 1 2445.dat
1 0 0 -280 504 1 0 0 0 1 0 0 0 1 3666.dat
1 0 0 -280 384 1 0 0 0 1 0 0 0 1 3666.dat
1 0 -15 -328 514 0 0 1 0 1 0 -1 0 0 5306.dat
1 0 -15 -312 514 0 0 -1 0 1 0 1 0 0 5306.dat
1 0 25 -328 514 0 0 1 0 1 0 -1 0 0 5306.dat
1 0 25 -312 514 0 0 -1 0 1 0 1 0 0 5306.dat
1 14 0 -344 564 1 0 0 0 1 0 0 0 1 4162.dat
1 14 110 -360 534 0 0 -1 0 1 0 1 0 0 3701.dat
1 14 -110 -360 534 0 0 -1 0 1 0 1 0 0 3701.dat
1 14 0 -312 -66 -1 0 0 0 1 0 0 0 -1 3795.dat
1 4 0 -312 -26 -1 0 0 0 1 0 0 0 -1 3738.dat
1 0 0 -320 -66 -1 0 0 0 1 0 0 0 -1 3068b.dat
1 14 0 -320 -36 -1 0 0 0 1 0 0 0 -1 3069b.dat
1 4 -50 -336 -16 1 0 0 0 1 0 0 0 1 3040b.dat
1 4 50 -336 -16 1 0 0 0 1 0 0 0 1 3040b.dat
0 !LEOCAD GROUP END
1 0 190 -174 184 1 0 0 0 1 0 0 0 1 70644.dat
1 0 190 -194 184 0 0 1 0 1 0 -1 0 0 3704.dat
1 7 190 -194 184 1 0 0 0 1 0 0 0 1 4265a.dat
1 0 18 -73 -108.6603 1 0 0 0 -0.5 -0.866025 0 0.866025 -0.5 2444.dat
1 15 18 -69 -115.5885 1 0 0 0 -0.5 -0.866025 0 0.866025 -0.5 4150p01.dat
1 0 120.2533 -127.5945 60.0001 -0.999848 0.017452 0 0.017452 0.999848 0 0 0 -1 2817.dat
1 0 119.8344 -151.5923 70.0008 0.999848 0.017452 0 -0.017452 0.999848 0 0 0 1 3700.dat
1 0 119.6948 -159.5915 60.0001 0.999848 0.017452 0 -0.017452 0.999848 0 0 0 1 3068b.dat
1 71 120.0003 -142.0928 70.0006 -0.999848 -0.017452 0 0.017452 -0.999848 0 0 0 1 2853.dat
1 7 130.0077 -141.7676 85.0018 0.999848 0.017452 0 -0.017452 0.999848 0 0 0 1 4265a.dat
1 7 130.0076 -141.7676 36.9987 0.999848 0.017452 0 -0.017452 0.999848 0 0 0 1 4265a.dat
1 71 130.0077 -141.7675 1.9966 0.999848 0.017452 0 -0.017452 0.999848 0 0 0 1 3713.dat
1 71 129.9989 -142.2674 -31.5112 -0.017452 0 -0.999848 -0.999848 0 0.017452 0 1 0 4589.dat
1 71 130.0075 -141.7678 21.9979 -0.999848 0.017452 0 0.017452 0.999848 0 0 0 -1 3647.dat
1 0 -115.1729 -160.0005 60.0002 0.999848 -0.017453 0 0.017453 0.999848 0 0 0 1 3068b.dat
1 0 -115.3127 -152.0022 70.0002 0.999848 -0.017453 0 0.017453 0.999848 0 0 0 1 3700.dat
1 0 -115.7315 -128.0053 60.0001 -0.999848 -0.017453 0 -0.017453 0.999848 0 0 0 -1 2817.dat
1 71 -115.4785 -142.5033 70.0002 0.999848 -0.017453 0 0.017453 0.999848 0 0 0 1 2853.dat
1 7 -125.4858 -142.1779 85.0006 0.999848 -0.017453 0 0.017453 0.999848 0 0 0 1 4265a.dat
1 7 -125.4858 -142.178 36.9998 0.999848 -0.017453 0 0.017453 0.999848 0 0 0 1 4265a.dat
1 71 -125.4858 -142.1778 1.9993 0.999848 -0.017453 0 0.017453 0.999848 0 0 0 1 3713.dat
1 71 -125.477 -142.6781 -31.5073 0.017453 0 -0.999848 -0.999848 0 -0.017453 0 1 0 4589.dat
1 71 -125.4857 -142.1779 21.9996 -0.999848 -0.017453 0 -0.017453 0.999848 0 0 0 -1 3647.dat
1 0 -125.4858 -142.1779 19.9995 0 -0.017453 -0.999848 0 0.999848 -0.017453 1 0 0 3705.dat
